tree
version=v4
num_class=1
num_tree_per_iteration=1
label_index=0
max_feature_idx=2
objective=lambdarank
feature_names=tag_score ingredient_score hot_score
monotone_constraints=1 1 1
feature_infos=[0:1.4032738097825304] [0:1] [0.34657359027997259:1.868834809141684]
tree_sizes=355 558 456 562 563 561 667 668 563 561 755 663 668 648 756 563 772 756 640 550 780 776 750 778 771 748 560 551 750 654 672 670 741 747 667 652 669 671 753 757 650 676 754 745 755 652 754 653 654 754 677 646 655 565 759 663 655 670 567 653 562 653 657 674 562 570 571 661 664 567 658 572 676 569 655 661 675 663 661 662 542 669 552 555 570 758 644 649 547 662 649 544 662 647 545 645 650 447 573 444 652 447 548 652 549 446 549 548 446 550 449 549 448 551 558 449 557 553 550 559 550 661 659 551 661 661 552 450 661 550 450 557 556 554 546 450 553 450 448 555 662 555 555 451 451 553 452 557 557 453

Tree=0
num_leaves=2
num_cat=0
split_feature=1
split_gain=22.9316
threshold=0.048148093266790808
decision_type=2
left_child=-1
right_child=-2
leaf_value=-0.093633141318076082 0.089299558650485014
leaf_weight=3.2469823042629287 3.4094067243859172
leaf_count=1711 127
internal_value=0
internal_weight=6.65639
internal_count=1838
is_linear=0
shrinkage=0.05


Tree=1
num_leaves=4
num_cat=0
split_feature=1 1 2
split_gain=30.022 4.51076 0.193247
threshold=0.13515435142739393 0.048148093266790808 1.0063379226837876
decision_type=2 2 2
left_child=1 -1 -3
right_child=-2 2 -4
leaf_value=-0.088123286938214654 0.08783136917354098 -0.029297286051104782 -0.0068732728282166304
leaf_weight=4.6874068494653347 5.996154721826314 2.7886640578508377 2.6529355188831687
leaf_count=1711 29 56 42
internal_value=0 -0.0523446 -0.0195885
internal_weight=16.1252 10.129 5.4416
internal_count=1838 1809 98
is_linear=0
shrinkage=0.05


Tree=2
num_leaves=3
num_cat=0
split_feature=1 1
split_gain=33.7826 4.49933
threshold=0.049666575971333705 0.15818104477346437
decision_type=2 2
left_child=-1 -2
right_child=1 -3
leaf_value=-0.082587196196863999 0.0041759080095342552 0.082940855944349953
leaf_weight=6.997679618070836 2.6644964311271888 6.7679445520043373
leaf_count=1716 97 25
internal_value=0 0.0614929
internal_weight=16.4301 9.43244
internal_count=1838 122
is_linear=0
shrinkage=0.05


Tree=3
num_leaves=4
num_cat=0
split_feature=1 1 2
split_gain=31.8531 2.46594 0.0615077
threshold=0.049666575971333705 0.18183509009769686 1.6921233029121574
decision_type=2 2 2
left_child=2 -2 -1
right_child=1 -3 -4
leaf_value=-0.078811334464015795 0.014422569545979817 0.077388933453240785 -0.0079500703333830244
leaf_weight=7.0665038907900479 2.351938112638889 6.7365144789218903 0.1458453363738953
leaf_count=1687 98 24 29
internal_value=0 0.0619728 -0.0778729
internal_weight=16.3008 9.08845 7.21235
internal_count=1838 122 1716
is_linear=0
shrinkage=0.05


Tree=4
num_leaves=4
num_cat=0
split_feature=1 1 2
split_gain=27.8942 2.29174 0.521245
threshold=0.049666575971333705 0.13515435142739393 1.6921233029121574
decision_type=2 2 2
left_child=2 -2 -1
right_child=1 -3 -4
leaf_value=-0.074995574623413039 0.0081805884557630305 0.072062175499000417 -0.0071337035360282304
leaf_weight=7.0074344908352968 2.016025676392017 6.9608389511704445 0.19009999837726343
leaf_count=1687 93 29 29
internal_value=0 0.0585147 -0.0727821
internal_weight=16.1744 8.97686 7.19753
internal_count=1838 122 1716
is_linear=0
shrinkage=0.05


Tree=5
num_leaves=4
num_cat=0
split_feature=1 1 2
split_gain=25.1056 1.993 0.238922
threshold=0.049666575971333705 0.13515435142739393 1.6921233029121574
decision_type=2 2 2
left_child=2 -2 -1
right_child=1 -3 -4
leaf_value=-0.071632423021696021 0.0091596052201435522 0.068106717815931403 -0.0075316376195018464
leaf_weight=6.8706903526326668 2.105711162555961 6.8862626627087593 0.16948262159712602
leaf_count=1687 93 29 29
internal_value=0 0.0551052 -0.0701685
internal_weight=16.0321 8.99197 7.04017
internal_count=1838 122 1716
is_linear=0
shrinkage=0.05


Tree=6
num_leaves=5
num_cat=0
split_feature=1 1 0 1
split_gain=22.6156 1.84802 0.770095 0.0620586
threshold=0.049666575971333705 0.18183509009769686 1.102771695503679 0.097445683206376518
decision_type=2 2 2 2
left_child=-1 2 3 -2
right_child=1 -3 -4 -5
leaf_value=-0.067685418505353562 -0.0078555347740375311 0.066219848767365072 0.039415669860126339 0.0039407968531022606
leaf_weight=6.8807975905947396 1.1126905153505489 6.4584203287959099 0.81492339307442296 0.60495434748008836
leaf_count=1716 62 24 13 23
internal_value=0 0.0519743 0.0126115 -0.00495095
internal_weight=15.8718 8.99099 2.53257 1.71764
internal_count=1838 122 98 85
is_linear=0
shrinkage=0.05


Tree=7
num_leaves=5
num_cat=0
split_feature=1 1 2 1
split_gain=21.2787 1.26898 0.197551 0.00198795
threshold=0.049666575971333705 0.15818104477346437 1.6921233029121574 0.093858261093519163
decision_type=2 2 2 2
left_child=2 3 -1 -2
right_child=1 -3 -4 -5
leaf_value=-0.06690354208177049 0.0088882349520481487 0.063278335313374387 -0.0073566222991492238 0.026190559373169088
leaf_weight=6.7076297067105779 1.6419676775112733 6.2758300676941872 0.17300405772402871 0.98455184139311303
leaf_count=1687 70 25 29 27
internal_value=0 0.0508023 -0.0655155 0.0179306
internal_weight=15.783 8.90235 6.88063 2.62652
internal_count=1838 122 1716 97
is_linear=0
shrinkage=0.05


Tree=8
num_leaves=4
num_cat=0
split_feature=1 1 2
split_gain=19.5082 1.31615 0.132939
threshold=0.049666575971333705 0.10862690532293706 1.6921233029121574
decision_type=2 2 2
left_child=2 -2 -1
right_child=1 -3 -4
leaf_value=-0.06493320661832501 0.0095357673770349247 0.059043782569169083 -0.0076155672450071406
leaf_weight=6.5513213534140968 2.0339714898727816 6.8333979249000549 0.17220288352109481
leaf_count=1687 82 40 29
internal_value=0 0.0484783 -0.0637095
internal_weight=15.5909 8.86737 6.72352
internal_count=1838 122 1716
is_linear=0
shrinkage=0.05


Tree=9
num_leaves=4
num_cat=0
split_feature=1 1 0
split_gain=17.9127 1.31564 0.850027
threshold=0.049666575971333705 0.10862690532293706 1.1286252482731309
decision_type=2 2 2
left_child=-1 2 -2
right_child=1 -3 -4
leaf_value=-0.062035331351913414 -0.0078353335234507583 0.056784249623781195 0.031925246370865322
leaf_weight=6.5593633890384817 1.2412044322118143 6.8280318211764097 0.74090682342648495
leaf_count=1716 72 40 10
internal_value=0 0.0463647 0.00706624
internal_weight=15.3695 8.81014 1.98211
internal_count=1838 122 82
is_linear=0
shrinkage=0.05


Tree=10
num_leaves=6
num_cat=0
split_feature=1 1 2 1 2
split_gain=16.6276 1.18132 0.146231 0.0841844 0.00569806
threshold=0.049666575971333705 0.18183509009769686 1.6921233029121574 0.093858261093519163 0.74893306838849771
decision_type=2 2 2 2 2
left_child=2 3 -1 4 -2
right_child=1 -3 -4 -5 -6
leaf_value=-0.06171843998680026 0 0.057231763409628281 -0.0077678264630389217 0.024187250231468577 0.0041917703742473493
leaf_weight=6.2622100671287635 0.51508889533579194 6.0511272475123405 0.17744955513626326 1.143479694612324 0.99486180674284697
leaf_count=1687 23 24 29 28 47
internal_value=0 0.0448576 -0.0603933 0.0137688 0.00176099
internal_weight=15.1442 8.70456 6.43966 2.65343 1.50995
internal_count=1838 122 1716 98 70
is_linear=0
shrinkage=0.05


Tree=11
num_leaves=5
num_cat=0
split_feature=1 1 0 1
split_gain=15.404 1.1276 0.731175 0.114788
threshold=0.049666575971333705 0.18183509009769686 1.0163740399671053 0.097445683206376518
decision_type=2 2 2 2
left_child=-1 2 3 -2
right_child=1 -3 -4 -5
leaf_value=-0.059176593098221056 -0.0080227461105508192 0.055461194324277596 0.03426833900609929 0.0087804846401756485
leaf_weight=6.2608584065455952 0.84743562387302362 5.9396291077136993 1.1850770474411545 0.65506280399858952
leaf_count=1716 56 24 22 20
internal_value=0 0.0431311 0.0130755 -0.00793828
internal_weight=14.8881 8.6272 2.68758 1.5025
internal_count=1838 122 98 76
is_linear=0
shrinkage=0.05


Tree=12
num_leaves=5
num_cat=0
split_feature=1 1 0 1
split_gain=14.3142 1.05115 0.731099 0.112176
threshold=0.049666575971333705 0.18183509009769686 1.0163740399671053 0.097445683206376518
decision_type=2 2 2 2
left_child=-1 2 3 -2
right_child=1 -3 -4 -5
leaf_value=-0.057885026544749286 -0.0080922544021922258 0.053768653633660873 0.033179141471339178 0.0084637414408010366
leaf_weight=6.1079061833443129 0.81046674773096883 5.8398570790886879 1.2106591458432374 0.65629034303128719
leaf_count=1716 56 24 22 20
internal_value=0 0.0417005 0.0125896 -0.00809225
internal_weight=14.6252 8.51727 2.67742 1.46676
internal_count=1838 122 98 76
is_linear=0
shrinkage=0.05


Tree=13
num_leaves=5
num_cat=0
split_feature=1 1 2 2
split_gain=13.2652 1.00071 0.204451 0.0832449
threshold=0.049666575971333705 0.18183509009769686 1.6921233029121574 0.74893306838849771
decision_type=2 2 2 2
left_child=2 3 -1 -2
right_child=1 -3 -4 -5
leaf_value=-0.058378479104549887 0 0.05216585109584141 -0.0082463652086051751 0.016991376614101595
leaf_weight=5.7490096176043162 0.70326614519581054 5.7322152927517891 0.18515589623711992 1.9734931290149687
leaf_count=1687 29 24 29 69
internal_value=0 0.0402131 -0.0567058 0.0118591
internal_weight=14.3431 8.40897 5.93417 2.67676
internal_count=1838 122 1716 98
is_linear=0
shrinkage=0.05


Tree=14
num_leaves=6
num_cat=0
split_feature=1 1 2 2 1
split_gain=12.3054 0.985803 0.178755 0.0822528 0.00854541
threshold=0.049666575971333705 0.15818104477346437 1.6921233029121574 0.74893306838849771 0.093858261093519163
decision_type=2 2 2 2 2
left_child=2 3 -1 -2 -5
right_child=1 -3 -4 4 -6
leaf_value=-0.057471960197107146 0 0.050591100157938454 -0.0085832953273957315 0.0078176709309384206 0.022624184479549819
leaf_weight=5.5444882108131432 0.66333514871075605 5.6613296419382095 0.18582526315003622 1.0283437073230741 0.96566788293421257
leaf_count=1687 28 25 29 47 22
internal_value=0 0.0386679 -0.0558345 0.0105393 0.0156353
internal_weight=14.049 8.31868 5.73031 2.65735 1.99401
internal_count=1838 122 1716 97 69
is_linear=0
shrinkage=0.05


Tree=15
num_leaves=4
num_cat=0
split_feature=1 0 1
split_gain=11.4273 1.04527 0.593646
threshold=0.049666575971333705 0.97373808561010067 0.10056318560226442
decision_type=2 2 2
left_child=-1 2 -2
right_child=1 -3 -4
leaf_value=-0.055042898245231488 -0.0089152235274962081 0.048335984053113845 0.027047515227082805
leaf_weight=5.5258849970996389 0.82455676654353594 5.9165187915787101 1.4804671132005749
leaf_count=1716 54 45 23
internal_value=0 0.0372125 0.00575905
internal_weight=13.7474 8.22154 2.30502
internal_count=1838 122 77
is_linear=0
shrinkage=0.05


Tree=16
num_leaves=6
num_cat=0
split_feature=1 1 2 2 1
split_gain=10.3847 1.14211 0.195606 0.144654 0.0113433
threshold=0.049666575971333705 0.25603365801316341 1.6921233029121574 0.6212266624470002 0.093858261093519163
decision_type=2 2 2 2 2
left_child=2 3 -1 -2 -5
right_child=1 -3 -4 4 -6
leaf_value=-0.055878270272561474 -0.0031599080966021606 0.051726250797516915 -0.009406416518162819 0.0068697056887306335 0.022119422860988877
leaf_weight=5.0987472188426191 0.71019012015312766 4.6139360666275024 0.18805512029211957 1.2313886363990607 1.6099314899183808
leaf_count=1687 23 18 29 54 27
internal_value=0 0.0352044 -0.0540173 0.0115421 0.0168993
internal_weight=13.4522 8.16545 5.2868 3.55151 2.84132
internal_count=1838 122 1716 104 81
is_linear=0
shrinkage=0.05


Tree=17
num_leaves=6
num_cat=0
split_feature=1 1 2 2 1
split_gain=10.1688 1.11986 0.175079 0.0515786 0.0194923
threshold=0.049666575971333705 0.15818104477346437 1.6921233029121574 0.74893306838849771 0.059612937436337006
decision_type=2 2 2 2 2
left_child=2 3 -1 -2 -5
right_child=1 -3 -4 4 -6
leaf_value=-0.055263498527647559 0 0.048725944843557356 -0.0090133146203943311 0.0054009696416856172 0.014139274364653787
leaf_weight=5.0572431238833815 0.66962733212858472 5.2978978380560875 0.19359912443906058 0.53975348547101054 1.4662720859050749
leaf_count=1687 28 25 29 26 43
internal_value=0 0.0354271 -0.0534537 0.00648661 0.0108019
internal_weight=13.2244 7.97355 5.25084 2.67565 2.00603
internal_count=1838 122 1716 97 69
is_linear=0
shrinkage=0.05


Tree=18
num_leaves=5
num_cat=0
split_feature=1 0 1 1
split_gain=9.46283 1.15853 0.412926 0.0064009
threshold=0.049666575971333705 0.97373808561010067 0.14435521813360394 0.10056318560226442
decision_type=2 2 2 2
left_child=-1 2 3 -2
right_child=1 -3 -4 -5
leaf_value=-0.052835699605846879 -0.0093433438796702208 0.045141548747380252 0.022570774373690126 0
leaf_weight=5.0474335210165009 0.83728236332535722 5.8790062922053039 0.70621411129832257 0.44165947381407022
leaf_count=1716 54 45 8 15
internal_value=0 0.034149 0 -0.00934334
internal_weight=12.9116 7.86416 1.98516 1.27894
internal_count=1838 122 77 69
is_linear=0
shrinkage=0.05


Tree=19
num_leaves=4
num_cat=0
split_feature=1 0 1
split_gain=8.81107 1.17372 0.385813
threshold=0.049666575971333705 0.97373808561010067 0.14435521813360394
decision_type=2 2 2
left_child=-1 2 -2
right_child=1 -3 -4
leaf_value=-0.052072852858012289 -0.0095314188520610726 0.043867213138769859 0.021933606569384929
leaf_weight=4.8718158245319501 1.244715175591409 5.8659561122767627 0.63230014964938153
leaf_count=1716 69 45 8
internal_value=0 0.03301 0
internal_weight=12.6148 7.74297 1.87702
internal_count=1838 122 77
is_linear=0
shrinkage=0.05


Tree=20
num_leaves=6
num_cat=0
split_feature=1 1 2 2 1
split_gain=8.20465 1.15259 0.221653 0.0304516 0.0132619
threshold=0.049666575971333705 0.18183509009769686 1.6921233029121574 0.74893306838849771 0.059612937436337006
decision_type=2 2 2 2 2
left_child=2 3 -1 -2 -5
right_child=1 -3 -4 4 -6
leaf_value=-0.053633867430931514 -0.00092074058216190134 0.046119028150130928 -0.0097135793685546763 0.0030874736101293813 0.0097100520249347577
leaf_weight=4.4995291946688667 0.70216276636347208 4.9377962946891785 0.19824189285282035 0.55087644373998035 1.4271007329225538
leaf_count=1687 29 24 29 26 43
internal_value=0 0.0319184 -0.0513456 0.00323944 0.00709569
internal_weight=12.3157 7.61794 4.69777 2.68014 1.97798
internal_count=1838 122 1716 98 69
is_linear=0
shrinkage=0.05


Tree=21
num_leaves=6
num_cat=0
split_feature=1 1 2 2 1
split_gain=7.65092 1.10055 0.208388 0.027172 0.0130474
threshold=0.049666575971333705 0.18183509009769686 1.6921233029121574 0.74893306838849771 0.059612937436337006
decision_type=2 2 2 2 2
left_child=2 3 -1 -2 -5
right_child=1 -3 -4 4 -6
leaf_value=-0.053166667469747297 -0.00084049300889545815 0.044965120624735816 -0.01001767558378934 0.0028813525068203277 0.0091792732544402882
leaf_weight=4.3083756739506498 0.70268723741173778 4.8187791109085083 0.19850408285856236 0.55276194168254722 1.4283919637091456
leaf_count=1687 29 24 29 26 43
internal_value=0 0.0308106 -0.0508459 0.00289802 0.0066032
internal_weight=12.0095 7.50262 4.50688 2.68384 1.98115
internal_count=1838 122 1716 98 69
is_linear=0
shrinkage=0.05


Tree=22
num_leaves=6
num_cat=0
split_feature=1 1 2 1 2
split_gain=7.12911 1.05201 0.196953 0.0262374 1.37247e-05
threshold=0.049666575971333705 0.18183509009769686 1.6921233029121574 0.093858261093519163 0.74893306838849771
decision_type=2 2 2 2 2
left_child=2 3 -1 4 -2
right_child=1 -3 -4 -5 -6
leaf_value=-0.052730223578584694 -0.00023702609290576933 0.043823817070088367 -0.010325256058453806 0.0083262275497170118 0
leaf_weight=4.1199751042295247 0.51073047379031811 4.7037397921085358 0.19871159107424308 1.1025204462930558 1.0723571800626812
leaf_count=1687 23 24 29 28 47
internal_value=0 0.0297161 -0.0503666 0.00252589 0
internal_weight=11.708 7.38935 4.31869 2.68561 1.58309
internal_count=1838 122 1716 98 70
is_linear=0
shrinkage=0.05


Tree=23
num_leaves=6
num_cat=0
split_feature=1 1 2 2 1
split_gain=6.64924 1.00088 0.186656 0.0268609 0.0137228
threshold=0.049666575971333705 0.15818104477346437 1.6921233029121574 0.74893306838849771 0.059612937436337006
decision_type=2 2 2 2 2
left_child=2 3 -1 -2 -5
right_child=1 -3 -4 4 -6
leaf_value=-0.052328278495491092 -0.0025778632486483282 0.042529981518530595 -0.010620714710621121 0.0016581495158178501 0.0084231932144309268
leaf_weight=3.9384566710796207 0.66256859572604332 4.6308106519281864 0.19882290821988124 0.55401085782796133 1.4286818346008656
leaf_count=1687 28 25 29 26 43
internal_value=0 0.0286753 -0.0499167 0.00193422 0.00589416
internal_weight=11.4134 7.27607 4.13728 2.64526 1.98269
internal_count=1838 122 1716 97 69
is_linear=0
shrinkage=0.05


Tree=24
num_leaves=6
num_cat=0
split_feature=1 1 2 2 1
split_gain=6.18918 0.964944 0.177732 0.00482658 0.0169809
threshold=0.049666575971333705 0.13515435142739393 1.6921233029121574 0.74893306838849771 0.058595924850279861
decision_type=2 2 2 2 2
left_child=2 3 -1 -2 -5
right_child=1 -3 -4 4 -6
leaf_value=-0.051938213338453693 -0.0015309160516961556 0.040295453763048106 -0.010922291899511409 0.00042168183209464853 0.0062296640770101927
leaf_weight=3.7585122655727905 0.62752059428021345 4.8002461157739162 0.19879506132565428 0.47452831920236338 1.2635030476376412
leaf_count=1687 27 29 29 24 42
internal_value=0 0.0276237 -0.0494682 0 0.00237428
internal_weight=11.1231 7.1658 3.95731 2.36555 1.73803
internal_count=1838 122 1716 93 66
is_linear=0
shrinkage=0.05


Tree=25
num_leaves=6
num_cat=0
split_feature=1 1 2 1 2
split_gain=5.75032 0.942982 0.169597 0.0173752 3.89826e-05
threshold=0.049666575971333705 0.18183509009769686 1.6921233029121574 0.093858261093519163 0.74893306838849771
decision_type=2 2 2 2 2
left_child=2 3 -1 4 -2
right_child=1 -3 -4 -5 -6
leaf_value=-0.051557855209420536 -0.00039951848521719235 0.040577575951064732 -0.011227577195622765 0.006218128340109895 0
leaf_weight=3.5809850002406169 0.51057289121672544 4.3988464698195457 0.19859962642658491 1.0883724023588 1.0609590956009922
leaf_count=1687 23 24 29 28 47
internal_value=0 0.0265667 -0.0490219 0.000953781 0
internal_weight=10.8383 7.05875 3.77958 2.6599 1.57153
internal_count=1838 122 1716 98 70
is_linear=0
shrinkage=0.05


Tree=26
num_leaves=4
num_cat=0
split_feature=1 0 1
split_gain=5.35726 1.04323 0.277234
threshold=0.049666575971333705 0.97373808561010067 0.14435521813360394
decision_type=2 2 2
left_child=-1 2 -2
right_child=1 -3 -4
leaf_value=-0.04860453727456196 -0.011504055681455704 0.036870153078610975 0.015948467180429447
leaf_weight=3.6136113769025542 1.2527718283236025 5.1831622133031487 0.51576713100075711
leaf_count=1716 69 45 8
internal_value=0 0.0255964 -0.00497322
internal_weight=10.5653 6.9517 1.76854
internal_count=1838 122 77
is_linear=0
shrinkage=0.05


Tree=27
num_leaves=4
num_cat=0
split_feature=1 0 1
split_gain=4.97935 0.938893 0.486199
threshold=0.049666575971333705 1.0056491861155661 0.14435521813360394
decision_type=2 2 2
left_child=-1 2 -2
right_child=1 -3 -4
leaf_value=-0.048017293965873703 -0.011664705787080934 0.039012385935674784 0.019506192967837392
leaf_weight=3.4657364098820835 1.3847749358974399 4.2195553593337536 1.2309346199035642
leaf_count=1716 74 38 10
internal_value=0 0.0246879 0
internal_weight=10.301 6.83526 2.61571
internal_count=1838 122 84
is_linear=0
shrinkage=0.05


Tree=28
num_leaves=6
num_cat=0
split_feature=1 2 1 2 2
split_gain=4.09271 2.12247 0.219631 0.208609 0.0224741
threshold=0.049666575971333705 1.5566341673218667 0.22953966197477424 1.6921233029121574 0.6212266624470002
decision_type=2 2 2 2 2
left_child=3 2 4 -1 -2
right_child=1 -3 -4 -5 -6
leaf_value=-0.050393158226648041 -0.01158428559000528 0.073101329342427759 0.015088101879625629 -0.012898384454120211 0
leaf_weight=2.9007032116642226 0.5668993019498888 1.4557241527363656 2.9299766682088375 0.18992238014470775 2.0184458526782691
leaf_count=1687 23 5 18 29 76
internal_value=0 0.0212111 0.00556671 -0.0470078 -0.00352197
internal_weight=10.0617 6.97105 5.51532 3.09063 2.58535
internal_count=1838 122 117 1716 99
is_linear=0
shrinkage=0.05


Tree=29
num_leaves=5
num_cat=0
split_feature=1 1 2 2
split_gain=5.14252 0.969187 0.118935 0.00462145
threshold=0.11148144224017686 0.049666575971333705 1.6921233029121574 1.0063379226837876
decision_type=2 2 2 2
left_child=1 2 -1 -3
right_child=-2 3 -4 -5
leaf_value=-0.050472955648131569 0.039459313904452641 -0.0037058944086972301 -0.02467647914597728 0
leaf_weight=3.2930466274847281 4.4700482971966267 1.2425706535577776 0.21181547129526723 0.81739209871739138
leaf_count=1687 38 50 29 34
internal_value=0 -0.0318335 -0.0475676 -0.00178534
internal_weight=10.0349 5.56482 3.50486 2.05996
internal_count=1838 1800 1716 84
is_linear=0
shrinkage=0.05


Tree=30
num_leaves=5
num_cat=0
split_feature=1 1 0 1
split_gain=4.80681 0.911863 0.316348 0.034105
threshold=0.11148144224017686 0.049666575971333705 1.0558914977407905 0.09077719567361052
decision_type=2 2 2 2
left_child=1 -1 3 -3
right_child=-2 2 -4 -5
leaf_value=-0.047127857755141514 0.038480637596478767 -0.024618836344535992 0.0035740483213509118 -0.0090297211499397699
leaf_weight=3.3503859980264679 4.3731920626014471 0.87191767664626263 0.73143311403691758 0.43995349854230881
leaf_count=1716 38 55 14 15
internal_value=0 -0.0313325 -0.00210981 -0.0216335
internal_weight=9.76688 5.39369 2.0433 1.31187
internal_count=1838 1800 84 70
is_linear=0
shrinkage=0.05


Tree=31
num_leaves=5
num_cat=0
split_feature=1 1 0 1
split_gain=4.45154 0.938283 0.290657 0.0257309
threshold=0.11608475143133061 0.049666575971333705 1.0301759034854145 0.097445683206376518
decision_type=2 2 2 2
left_child=1 -1 3 -3
right_child=-2 2 -4 -5
leaf_value=-0.04665197637625397 0.038211312789308588 -0.024018071687641699 0.0041079837268244712 -0.00815452591717848
leaf_weight=3.2245710681308992 4.170038590207696 0.88483491260558389 0.82478101179003704 0.40545146772637963
leaf_count=1716 35 56 17 14
internal_value=0 -0.0299953 -0.00138417 -0.020417
internal_weight=9.50968 5.33964 2.11507 1.29029
internal_count=1838 1803 87 70
is_linear=0
shrinkage=0.05


Tree=32
num_leaves=6
num_cat=0
split_feature=1 1 2 2 1
split_gain=4.15609 1.11605 0.164957 0.0051555 0.000716535
threshold=0.18183509009769686 0.049666575971333705 1.6921233029121574 1.0063379226837876 0.093858261093519163
decision_type=2 2 2 2 2
left_child=1 2 -1 -3 -5
right_child=-2 3 -4 4 -6
leaf_value=-0.049747572611367828 0.041573624613088091 -0.0029117337743037931 -0.023087584296397762 0 0.00162855536780777
leaf_weight=2.8922038662713025 3.5756135322153568 1.4202239997684958 0.20998808683361847 0.58567242510616757 0.57541749253869057
leaf_count=1687 24 56 29 28 14
internal_value=0 -0.0264214 -0.0461752 0 0
internal_weight=9.25912 5.68351 3.10219 2.58131 1.16109
internal_count=1838 1814 1716 98 42
is_linear=0
shrinkage=0.05


Tree=33
num_leaves=6
num_cat=0
split_feature=1 1 2 2 1
split_gain=3.85805 1.0874 0.214388 0.0156843 0.00146214
threshold=0.049666575971333705 0.21125358013070353 1.6921233029121574 0.6212266624470002 0.058595924850279861
decision_type=2 2 2 2 2
left_child=2 3 -1 -2 -5
right_child=1 -3 -4 4 -6
leaf_value=-0.049484158920022545 -0.0079349028068052621 0.041038720661803439 -0.011438570264689044 0 0.0015663031648641427
leaf_weight=2.7612325587542732 0.51787883741781149 3.423286959528923 0.20934328110888589 0.58392975525930557 1.5152474003843961
leaf_count=1687 22 23 29 27 50
internal_value=0 0.0228832 -0.0457603 0 0.00037384
internal_weight=9.01092 6.04034 2.97058 2.61706 2.09918
internal_count=1838 122 1716 99 77
is_linear=0
shrinkage=0.05


Tree=34
num_leaves=5
num_cat=0
split_feature=1 0 1 0
split_gain=3.61131 1.19275 0.188593 0.0282514
threshold=0.049666575971333705 1.0056491861155661 0.14435521813360394 1.16139755327029
decision_type=2 2 2 2
left_child=3 2 -2 -1
right_child=1 -3 -4 -5
leaf_value=-0.049159566366316909 -0.011609435996451437 0.038062685027956664 0.012019444657122031 -0.011609435996451437
leaf_weight=2.4246349341119644 1.3577512102201579 3.9310769475996494 0.63827117532491673 0.41937727580079798
leaf_count=1560 74 38 10 156
internal_value=0 0.0221715 -0.00706278 -0.0453904
internal_weight=8.77111 5.9271 1.99602 2.84401
internal_count=1838 122 84 1716
is_linear=0
shrinkage=0.05


Tree=35
num_leaves=5
num_cat=0
split_feature=1 1 2 2
split_gain=3.45746 0.94324 0.173305 0.0077397
threshold=0.18183509009769686 0.049666575971333705 1.6921233029121574 1.1249524175825665
decision_type=2 2 2 2
left_child=1 2 -1 -3
right_child=-2 3 -4 -5
leaf_value=-0.048990392456451599 0.039201803189370658 -0.0033061221632125905 -0.022846227219339422 0
leaf_weight=2.536182978888974 3.3232161104679108 1.7749668755568566 0.19480525713879604 0.71747114323079575
leaf_count=1687 24 72 29 26
internal_value=0 -0.0252086 -0.0450279 -0.00066457
internal_weight=8.54664 5.22343 2.73099 2.49244
internal_count=1838 1814 1716 98
is_linear=0
shrinkage=0.05


Tree=36
num_leaves=5
num_cat=0
split_feature=1 1 2 2
split_gain=3.21097 0.531727 0.40779 0.166501
threshold=0.093858261093519163 0.049666575971333705 1.1249524175825665 1.6921233029121574
decision_type=2 2 2 2
left_child=1 3 -2 -1
right_child=2 -3 -4 -5
leaf_value=-0.048729901911118062 0.012457408600759431 -0.0029836790519402173 0.048166427675455814 -0.023801435744177563
leaf_weight=2.4200068361242306 2.3641409152187407 1.4701497033238409 1.8733526058495042 0.19320610328577448
leaf_count=1687 39 70 13 29
internal_value=0 -0.0312539 0.0301433 -0.0446192
internal_weight=8.32086 4.08336 4.23749 2.61321
internal_count=1838 1786 52 1716
is_linear=0
shrinkage=0.05


Tree=37
num_leaves=5
num_cat=0
split_feature=1 1 0 0
split_gain=3.26181 0.851046 0.315134 0.0138326
threshold=0.18183509009769686 0.049666575971333705 1.0163740399671053 0.86975712060579735
decision_type=2 2 2 2
left_child=1 -1 3 -3
right_child=-2 2 -4 -5
leaf_value=-0.044372867975920785 0.039708280520091031 -0.022882550462194066 0.0075450014613585832 -0.0057302257772829726
leaf_weight=2.5630411457386799 3.0924710147082806 0.83321190858259819 1.06051480025053 0.59255587449297309
leaf_count=1716 24 53 22 23
internal_value=0 -0.0246183 -0.00139223 -0.0190055
internal_weight=8.14179 5.04932 2.48628 1.42577
internal_count=1838 1814 98 76
is_linear=0
shrinkage=0.05


Tree=38
num_leaves=6
num_cat=0
split_feature=1 1 2 2 1
split_gain=3.01512 0.827676 0.181394 0.00863552 2.449e-06
threshold=0.18183509009769686 0.049666575971333705 1.6921233029121574 1.0063379226837876 0.093858261093519163
decision_type=2 2 2 2 2
left_child=1 2 -1 -3 -5
right_child=-2 3 -4 4 -6
leaf_value=-0.048340132975324135 0.038656541108493286 -0.0040987532253420342 -0.022430218797648269 0 9.7405226324011093e-05
leaf_weight=2.2773376391851348 3.0121245793998241 1.3253710120916369 0.1935694315470754 0.57112859562039353 0.54530359897762537
leaf_count=1687 24 56 29 28 14
internal_value=0 -0.0239998 -0.0438975 -0.000962984 0
internal_weight=7.92483 4.91271 2.47091 2.4418 1.11643
internal_count=1838 1814 1716 98 42
is_linear=0
shrinkage=0.05


Tree=39
num_leaves=6
num_cat=0
split_feature=1 1 2 2 1
split_gain=2.79689 0.791906 0.179909 0.00888084 5.32286e-05
threshold=0.18183509009769686 0.049666575971333705 1.6921233029121574 1.0063379226837876 0.093858261093519163
decision_type=2 2 2 2 2
left_child=1 2 -1 -3 -5
right_child=-2 3 -4 4 -6
leaf_value=-0.048076163373608406 0.037672324810895691 -0.0041418455345820547 -0.022181953885659016 0 0.00045590293067031051
leaf_weight=2.1731205350370151 2.9365330748260021 1.3077805778011682 0.19174362299963821 0.56485573481768347 0.54023685678839684
leaf_count=1687 24 56 29 28 14
internal_value=0 -0.0234521 -0.0434834 -0.000880505 0
internal_weight=7.71427 4.77774 2.36486 2.41287 1.10509
internal_count=1838 1814 1716 98 42
is_linear=0
shrinkage=0.05


Tree=40
num_leaves=5
num_cat=0
split_feature=1 1 2 2
split_gain=2.60147 0.66755 0.175831 0.00761574
threshold=0.13515435142739393 0.049666575971333705 1.6921233029121574 1.1249524175825665
decision_type=2 2 2 2
left_child=1 2 -1 -3
right_child=-2 3 -4 -5
leaf_value=-0.047805787399890415 0.034259317164703429 -0.0039945101826661172 -0.022363777581997268 0
leaf_weight=2.0732011689397045 3.12424561008811 1.479261434171349 0.1898170543136074 0.64459281694143999
leaf_count=1687 29 68 29 25
internal_value=0 -0.0246186 -0.0430633 -0.00166426
internal_weight=7.51112 4.38687 2.26302 2.12385
internal_count=1838 1809 1716 93
is_linear=0
shrinkage=0.05


Tree=41
num_leaves=5
num_cat=0
split_feature=1 0 1 1
split_gain=2.44796 0.721152 0.441543 0.064141
threshold=0.21125358013070353 1.16139755327029 0.09077719567361052 0.00037006364019125007
decision_type=2 2 2 2
left_child=1 2 -1 -3
right_child=-2 3 -4 -5
leaf_value=-0.043328196546988697 0.036392810716513423 -0.012838892494251254 -0.012838892494251254 0.0070135909691892533
leaf_weight=2.7082648254581732 2.7619215175509453 0.16475291291135352 0.93261595303192724 0.75121575879165903
leaf_count=1619 23 127 29 40
internal_value=0 -0.0223656 -0.0326914 0.00701359
internal_weight=7.31877 4.55685 3.64088 0.915969
internal_count=1838 1815 1648 167
is_linear=0
shrinkage=0.05


Tree=42
num_leaves=6
num_cat=0
split_feature=1 2 1 2 2
split_gain=2.27267 0.979222 0.282899 0.211114 0.00479726
threshold=0.049666575971333705 1.5566341673218667 0.25603365801316341 1.6921233029121574 1.1249524175825665
decision_type=2 2 2 2 2
left_child=3 2 4 -1 -2
right_child=1 -3 -4 -5 -6
leaf_value=-0.047376629275781346 -0.0050164986983245131 0.058642007450945811 0.022112008467594365 -0.012123388799738892 0
leaf_weight=1.9245545461599252 1.9271143861114985 1.0812508636154232 1.4550377577543256 0.17869087052531529 0.57009742548689235
leaf_count=1687 77 5 17 29 23
internal_value=0 0.018231 0.00476726 -0.0424778 -0.00387604
internal_weight=7.13675 5.0335 3.95225 2.10325 2.49721
internal_count=1838 122 117 1716 100
is_linear=0
shrinkage=0.05


Tree=43
num_leaves=6
num_cat=0
split_feature=1 1 0 0 0
split_gain=2.25918 0.726077 0.280868 0.030216 0.021331
threshold=0.18183509009769686 0.049666575971333705 0.86975712060579735 1.102771695503679 1.16139755327029
decision_type=2 2 2 2 2
left_child=1 4 -3 -4 -1
right_child=-2 2 3 -5 -6
leaf_value=-0.046990392660727388 0.036502905756053847 -0.021197928616461165 0 0.0074691942835173044 -0.021197928616461165
leaf_weight=1.777402733510826 2.5645913146436214 0.76425837026909027 0.83292720047757007 0.73640739917755127 0.29943750859820273
leaf_count=1560 24 53 32 13 156
internal_value=0 -0.0215645 0 0.00746919 -0.0423959
internal_weight=6.97502 4.41043 2.33359 1.56933 2.07684
internal_count=1838 1814 98 45 1716
is_linear=0
shrinkage=0.05


Tree=44
num_leaves=6
num_cat=0
split_feature=1 2 1 2 2
split_gain=2.11289 0.779409 0.306257 0.197258 0.00399771
threshold=0.049666575971333705 1.5566341673218667 0.25603365801316341 1.6921233029121574 1.1249524175825665
decision_type=2 2 2 2 2
left_child=3 2 4 -1 -2
right_child=1 -3 -4 -5 -6
leaf_value=-0.046947536474860149 -0.0043498411548600676 0.055861010292695162 0.024348032943412434 -0.012020309021055435 0
leaf_weight=1.8201757041388189 1.8839329448528594 0.99180176015943278 1.3550441451370714 0.17491320823319245 0.56562724011018861
leaf_count=1687 77 5 17 29 23
internal_value=0 0.0179798 0.00564652 -0.0420205 -0.00328685
internal_weight=6.7915 4.79641 3.8046 1.99509 2.44956
internal_count=1838 122 117 1716 100
is_linear=0
shrinkage=0.05


Tree=45
num_leaves=5
num_cat=0
split_feature=1 1 2 2
split_gain=2.08509 0.62489 0.152674 0.0046769
threshold=0.14040320142251209 0.049666575971333705 1.6921233029121574 1.0063379226837876
decision_type=2 2 2 2
left_child=1 2 -1 -3
right_child=-2 3 -4 -5
leaf_value=-0.046732663255961635 0.034559467554016128 -0.0031905992885724287 -0.021188085823313729 0
leaf_weight=1.7770047427911775 2.5624915026128292 1.1067345081828537 0.17439202067907889 1.0069459509104488
leaf_count=1687 28 53 29 41
internal_value=0 -0.0220919 -0.0418589 -0.000517223
internal_weight=6.62757 4.06508 1.9514 2.11368
internal_count=1838 1810 1716 94
is_linear=0
shrinkage=0.05


Tree=46
num_leaves=6
num_cat=0
split_feature=1 1 2 2 1
split_gain=1.95021 0.636667 0.150681 0.00572585 0.000840385
threshold=0.18183509009769686 0.048148093266790808 1.6921233029121574 1.0063379226837876 0.093858261093519163
decision_type=2 2 2 2 2
left_child=1 2 -1 -3 -5
right_child=-2 3 -4 4 -6
leaf_value=-0.046475262061981382 0.035645539613949943 -0.0033130110963587298 -0.020805889832291126 0 0.001846037811098188
leaf_weight=1.6913069937727412 2.3338417261838913 1.2091385900275784 0.17197378468699742 0.5321504251915028 0.51650585420429707
leaf_count=1682 24 59 29 30 14
internal_value=0 -0.020553 -0.0414597 -0.000152077 0
internal_weight=6.45492 4.12108 1.86328 2.25779 1.04866
internal_count=1838 1814 1711 103 44
is_linear=0
shrinkage=0.05


Tree=47
num_leaves=5
num_cat=0
split_feature=1 1 2 2
split_gain=1.81709 0.484295 0.14454 0.00543966
threshold=0.11608475143133061 0.048148093266790808 1.6921233029121574 1.0063379226837876
decision_type=2 2 2 2
left_child=1 2 -1 -3
right_child=-2 3 -4 -5
leaf_value=-0.046172215750320794 0.030332640923897754 -0.0040379305689817171 -0.021246547962633384 0
leaf_weight=1.6134764704620468 2.7035898379981518 0.98371255132951751 0.16952243796549726 0.81693374074529856
leaf_count=1682 35 53 29 39
internal_value=0 -0.0230859 -0.0410296 -0.00146346
internal_weight=6.28724 3.58365 1.783 1.80065
internal_count=1838 1803 1711 92
is_linear=0
shrinkage=0.05


Tree=48
num_leaves=5
num_cat=0
split_feature=1 1 2 2
split_gain=1.72916 0.558302 0.143229 0.00634662
threshold=0.21125358013070353 0.048148093266790808 1.6921233029121574 0.6212266624470002
decision_type=2 2 2 2
left_child=1 2 -1 -3
right_child=-2 3 -4 -5
leaf_value=-0.045842631379834693 0.034588709865736547 -0.0056437923248982939 -0.020593942133016078 0
leaf_weight=1.5354909921006767 2.2002314105629921 0.42647319493698921 0.16686330013908435 1.8006419033918062
leaf_count=1682 23 24 29 80
internal_value=0 -0.019745 -0.040565 -0.000622886
internal_weight=6.1297 3.92947 1.70235 2.22712
internal_count=1838 1815 1711 104
is_linear=0
shrinkage=0.05


Tree=49
num_leaves=6
num_cat=0
split_feature=1 1 2 2 1
split_gain=1.61266 0.525504 0.139844 0.00649467 0.000456231
threshold=0.21125358013070353 0.048148093266790808 1.6921233029121574 1.0063379226837876 0.093858261093519163
decision_type=2 2 2 2 2
left_child=1 2 -1 -3 -5
right_child=-2 3 -4 4 -6
leaf_value=-0.045523359451687839 0.03368786930248336 -0.0036653613451566886 -0.020397873928013587 0 0.0013844815537479291
leaf_weight=1.4658168336609381 2.154918160289526 1.1858802712522449 0.16444619616959233 0.50733598909573607 0.4950461694970727
leaf_count=1682 23 60 29 30 14
internal_value=0 -0.0193857 -0.0401219 -0.000673822 0
internal_weight=5.97344 3.81853 1.63026 2.18826 1.00238
internal_count=1838 1815 1711 104 44
is_linear=0
shrinkage=0.05


Tree=50
num_leaves=5
num_cat=0
split_feature=1 0 1 1
split_gain=1.5107 0.619271 0.201201 0.0474055
threshold=0.14040320142251209 1.1286252482731309 0.09077719567361052 0.00037006364019125007
decision_type=2 2 2 2
left_child=1 2 -1 -3
right_child=-2 3 -4 -5
leaf_value=-0.041243275337479769 0.030607467012770569 -0.013878219664757305 -0.013878219664757305 0.0050645728955730834
leaf_weight=2.0244173814717223 2.3154063709080219 0.17280802727327671 0.63231137208640564 0.68059647889458574
leaf_count=1561 28 173 24 52
internal_value=0 -0.0204783 -0.032821 0.00506457
internal_weight=5.82554 3.51013 2.65673 0.853405
internal_count=1838 1810 1585 225
is_linear=0
shrinkage=0.05


Tree=51
num_leaves=5
num_cat=0
split_feature=1 0 0 1
split_gain=1.39989 0.826634 0.061959 0.0613966
threshold=0.049666575971333705 1.0056491861155661 1.16139755327029 0.14435521813360394
decision_type=2 2 2 2
left_child=2 3 -1 -2
right_child=1 -3 -4 -5
leaf_value=-0.04462047099541569 -0.012292532455362756 0.032037316276072855 -0.012292532455362756 0
leaf_weight=1.2779256076901218 1.095190080348402 2.6403672359883785 0.23923208395717654 0.42768606916069973
leaf_count=1560 74 38 156 10
internal_value=0 0.0150252 -0.0396102 -0.0115462
internal_weight=5.6804 4.16324 1.51716 1.52288
internal_count=1838 122 1716 84
is_linear=0
shrinkage=0.05


Tree=52
num_leaves=5
num_cat=0
split_feature=1 1 2 2
split_gain=1.34667 0.446577 0.123789 0.00650733
threshold=0.18183509009769686 0.048148093266790808 1.6921233029121574 1.1249524175825665
decision_type=2 2 2 2
left_child=1 2 -1 -3
right_child=-2 3 -4 -5
leaf_value=-0.044646158779556792 0.031053467082970194 -0.003397548256188862 -0.019972440557874907 0
leaf_weight=1.3036563871719411 2.0701412279158831 1.4009999477711974 0.1483190928120165 0.61184781169868063
leaf_count=1682 24 76 29 27
internal_value=0 -0.0189043 -0.0392372 -0.000707711
internal_weight=5.53496 3.46482 1.45198 2.01285
internal_count=1838 1814 1711 103
is_linear=0
shrinkage=0.05


Tree=53
num_leaves=4
num_cat=0
split_feature=2 1 1
split_gain=1.27949 0.780067 0.124452
threshold=1.5566341673218667 0.048148093266790808 0.25603365801316341
decision_type=2 2 2
left_child=1 -1 -3
right_child=-2 2 -4
leaf_value=-0.044189030319487566 0.047862323040031407 -0.0053333073613575661 0.014711055864910186
leaf_weight=1.2255716727813704 1.017724510427797 2.1115124783827928 1.046997347846627
leaf_count=1648 68 105 17
internal_value=0 -0.0119304 2.42032e-05
internal_weight=5.40181 4.38408 3.15851
internal_count=1838 1770 122
is_linear=0
shrinkage=0.05


Tree=54
num_leaves=6
num_cat=0
split_feature=1 1 2 2 1
split_gain=1.25639 0.418469 0.0902143 0.0063093 8.64748e-05
threshold=0.18183509009769686 0.048148093266790808 1.6921233029121574 1.0063379226837876 0.093858261093519163
decision_type=2 2 2 2 2
left_child=1 2 -1 -3 -5
right_child=-2 3 -4 4 -6
leaf_value=-0.043966695122710092 0.031089331092409179 -0.0038584841726451466 -0.019894222335208666 0 0.00061560192210105222
leaf_weight=1.2118958984210624 1.9402292016893623 1.0477539126877671 0.14404015813488502 0.46746567616355594 0.47046592459082603
leaf_count=1682 24 59 29 30 14
internal_value=0 -0.0184301 -0.0389946 -0.000793849 0
internal_weight=5.28185 3.34162 1.35594 1.98569 0.937932
internal_count=1838 1814 1711 103 44
is_linear=0
shrinkage=0.05


Tree=55
num_leaves=5
num_cat=0
split_feature=1 2 1 2
split_gain=1.17487 0.294594 0.219318 0.08341
threshold=0.093858261093519163 1.1249524175825665 0.048148093266790808 1.6921233029121574
decision_type=2 2 2 2
left_child=2 -2 3 -1
right_child=1 -3 -4 -5
leaf_value=-0.04360130665172994 0.0030680131007677284 0.040150533314307055 -0.0029759035102917002 -0.020757968700164168
leaf_weight=1.1577213428972757 1.49697488732636 1.2135237809270618 1.146562403271673 0.14156484301201988
leaf_count=1682 39 13 75 29
internal_value=0 0.0222872 -0.0246041 -0.03854
internal_weight=5.15635 2.7105 2.44585 1.29929
internal_count=1838 52 1786 1711
is_linear=0
shrinkage=0.05


Tree=56
num_leaves=5
num_cat=0
split_feature=1 1 2 2
split_gain=1.17477 0.358025 0.082782 0.00552292
threshold=0.18183509009769686 0.048148093266790808 1.6921233029121574 1.0063379226837876
decision_type=2 2 2 2
left_child=1 2 -1 -3
right_child=-2 3 -4 -5
leaf_value=-0.043291568229097348 0.030792952353844185 -0.0040593249253912068 -0.01985351973474694 0
leaf_weight=1.1180111177091023 1.8470184374600647 1.0210773831349795 0.14009940403047938 0.91625656123505894
leaf_count=1682 24 59 29 44
internal_value=0 -0.0181931 -0.0381937 -0.00151335
internal_weight=5.04246 3.19544 1.25811 1.93733
internal_count=1838 1814 1711 103
is_linear=0
shrinkage=0.05


Tree=57
num_leaves=5
num_cat=0
split_feature=1 1 2 2
split_gain=1.1094 0.406842 0.0827036 0.031351
threshold=0.25603365801316341 0.048148093266790808 1.6921233029121574 1.1249524175825665
decision_type=2 2 2 2
left_child=1 2 -1 -3
right_child=-2 3 -4 -5
leaf_value=-0.04291225903707542 0.035207478546867225 -0.0059247686259981461 -0.018979587618327 0.0050543621650841024
leaf_weight=1.0688053297344597 1.4574426710605619 1.5371709021856079 0.13767789700068522 0.72324415555340227
leaf_count=1682 18 81 29 28
internal_value=0 -0.0153729 -0.0377309 -0.000228301
internal_weight=4.92434 3.4669 1.20648 2.26042
internal_count=1838 1820 1711 109
is_linear=0
shrinkage=0.05


Tree=58
num_leaves=4
num_cat=0
split_feature=0 1 1
split_gain=1.05602 0.433498 0.249602
threshold=1.0056491861155661 0.048148093266790808 0.09077719567361052
decision_type=2 2 2
left_child=2 -2 -1
right_child=1 -3 -4
leaf_value=-0.039228087579484337 -0.0028859405157568604 0.030344435822682987 -0.0028859405157568604
leaf_weight=1.2752688775362915 0.4434236551751386 2.2740671696956269 0.81728256121277798
leaf_count=1237 530 40 31
internal_value=0 0.0202502 -0.026022
internal_weight=4.81004 2.71749 2.09255
internal_count=1838 570 1268
is_linear=0
shrinkage=0.05


Tree=59
num_leaves=5
num_cat=0
split_feature=1 1 2 2
split_gain=1.00431 0.30006 0.0758155 0.00461185
threshold=0.18183509009769686 0.048148093266790808 1.6921233029121574 1.0063379226837876
decision_type=2 2 2 2
left_child=1 2 -1 -3
right_child=-2 3 -4 -5
leaf_value=-0.042301342830541162 0.029183203071496897 -0.0039604840469709092 -0.019332327641066731 0
leaf_weight=0.99809415609343 1.74032761529088 0.95798495234339476 0.13242804969195276 0.86880955155356787
leaf_count=1682 24 59 29 44
internal_value=0 -0.0175666 -0.0370433 -0.00162138
internal_weight=4.69764 2.95732 1.13052 1.82679
internal_count=1838 1814 1711 103
is_linear=0
shrinkage=0.05


Tree=60
num_leaves=4
num_cat=0
split_feature=2 1 1
split_gain=0.970153 0.528363 0.0816976
threshold=1.5566341673218667 0.048148093266790808 0.25603365801316341
decision_type=2 2 2
left_child=1 -1 -3
right_child=-2 2 -4
leaf_value=-0.041762958587671185 0.044548792930078684 -0.0057693380821616435 0.011868837385226696
leaf_weight=0.93991474818903986 0.87376353426952835 1.9012818633054851 0.87701093219220627
leaf_count=1648 68 105 17
internal_value=0 -0.0113614 0
internal_weight=4.59197 3.71821 2.77829
internal_count=1838 1770 122
is_linear=0
shrinkage=0.05


Tree=61
num_leaves=5
num_cat=0
split_feature=1 1 2 2
split_gain=0.942293 0.247102 0.050271 0.0017788
threshold=0.14040320142251209 0.048148093266790808 1.6921233029121574 1.0063379226837876
decision_type=2 2 2 2
left_child=1 2 -1 -3
right_child=-2 3 -4 -5
leaf_value=-0.041536061652897457 0.027240950170068869 -0.0038709248069002328 -0.01954057595171195 0
leaf_weight=0.92736646204139128 1.7925935108214615 0.84058016104972899 0.12883091846015304 0.79732547662570141
leaf_count=1682 28 56 29 43
internal_value=0 -0.0184517 -0.0367251 -0.00235601
internal_weight=4.4867 2.6941 1.0562 1.63791
internal_count=1838 1810 1711 99
is_linear=0
shrinkage=0.05


Tree=62
num_leaves=5
num_cat=0
split_feature=1 1 2 2
split_gain=0.889001 0.253664 0.049414 0.00376406
threshold=0.18183509009769686 0.048148093266790808 1.6921233029121574 1.0063379226837876
decision_type=2 2 2 2
left_child=1 2 -1 -3
right_child=-2 3 -4 -5
leaf_value=-0.041106470182676255 0.028397009064492874 -0.0039846903380744208 -0.019076423059757618 0
leaf_weight=0.88673842584830731 1.6218043882399795 0.9233937704702837 0.12648956116754562 0.8296525732439477
leaf_count=1682 24 59 29 44
internal_value=0 -0.0170584 -0.0362317 -0.00192112
internal_weight=4.38808 2.76627 1.01323 1.75305
internal_count=1838 1814 1711 103
is_linear=0
shrinkage=0.05


Tree=63
num_leaves=5
num_cat=0
split_feature=1 1 2 2
split_gain=0.840962 0.290011 0.0497675 0.0211911
threshold=0.25603365801316341 0.048148093266790808 1.6921233029121574 1.1249524175825665
decision_type=2 2 2 2
left_child=1 2 -1 -3
right_child=-2 3 -4 -5
leaf_value=-0.040673249368392755 0.03245509975075693 -0.005704245914087613 -0.018222233759315452 0.0027059290053143559
leaf_weight=0.8487718207179572 1.2819711733609436 1.3930442882410718 0.1242020356003195 0.64455967725370999
leaf_count=1682 18 81 29 28
internal_value=0 -0.0144192 -0.0357418 -0.00070264
internal_weight=4.29255 3.01058 0.972974 2.0376
internal_count=1838 1820 1711 109
is_linear=0
shrinkage=0.05


Tree=64
num_leaves=4
num_cat=0
split_feature=2 1 1
split_gain=0.80483 0.416482 0.0531973
threshold=1.5566341673218667 0.048148093266790808 0.25603365801316341
decision_type=2 2 2
left_child=1 -1 -3
right_child=-2 2 -4
leaf_value=-0.040119577221791519 0.042069050040035881 -0.0053553966294665606 0.0093703640361600584
leaf_weight=0.80369747907388989 0.80332400806946669 1.7938612258294599 0.79605441540479649
leaf_count=1648 68 105 17
internal_value=0 -0.0108776 0
internal_weight=4.19694 3.39361 2.58992
internal_count=1838 1770 122
is_linear=0
shrinkage=0.05


Tree=65
num_leaves=4
num_cat=0
split_feature=1 1 2
split_gain=0.795797 0.18413 0.0261333
threshold=0.13515435142739393 0.048148093266790808 1.6921233029121574
decision_type=2 2 2
left_child=1 2 -1
right_child=-2 -3 -4
leaf_value=-0.039883923730119702 0.025517535782553141 -0.0029296922859442459 -0.019176951499411884
leaf_weight=0.79196279832103789 1.6876443289220331 1.507122321432689 0.12169083673506975
leaf_count=1682 29 98 29
internal_value=0 -0.0180961 -0.0354242
internal_weight=4.10842 2.42078 0.913654
internal_count=1838 1809 1711
is_linear=0
shrinkage=0.05


Tree=66
num_leaves=4
num_cat=0
split_feature=0 1 1
split_gain=0.857025 0.301043 0.163022
threshold=1.0056491861155661 0.048148093266790808 0.097445683206376518
decision_type=2 2 2
left_child=2 -2 -1
right_child=1 -3 -4
leaf_value=-0.037047925420708797 -0.0029634802948217188 0.028349811279086201 -0.0029634802948217188
leaf_weight=1.0840664587740318 0.33199735739617642 1.9551433314045423 0.65214593010023225
leaf_count=1240 530 40 28
internal_value=0 0.0197543 -0.0256812
internal_weight=4.02335 2.28714 1.73621
internal_count=1838 570 1268
is_linear=0
shrinkage=0.05


Tree=67
num_leaves=5
num_cat=0
split_feature=1 1 2 2
split_gain=0.721781 0.187451 0.0262653 0.00290813
threshold=0.18183509009769686 0.048148093266790808 1.6921233029121574 1.0063379226837876
decision_type=2 2 2 2
left_child=1 2 -1 -3
right_child=-2 3 -4 -5
leaf_value=-0.039130519817940586 0.026737865034279547 -0.0040993193329600889 -0.018429344598252451 0
leaf_weight=0.73845900430751577 1.4664619192481039 0.84157837272505254 0.11652711941860616 0.76600856345612556
leaf_count=1682 24 59 29 44
internal_value=0 -0.0163444 -0.0346207 -0.00223796
internal_weight=3.92903 2.46257 0.854986 1.60759
internal_count=1838 1814 1711 103
is_linear=0
shrinkage=0.05


Tree=68
num_leaves=5
num_cat=0
split_feature=2 1 1 1
split_gain=0.689159 0.32896 0.0827731 0.0427868
threshold=1.5566341673218667 0.048148093266790808 0.21125358013070353 0.25603365801316341
decision_type=2 2 2 2
left_child=1 -1 -2 -3
right_child=2 3 -4 -5
leaf_value=-0.038492866896649471 0.014816672397082856 -0.0055355720465282447 0.050950663858148441 0.0079508060336881126
leaf_weight=0.6972816767520279 0.21182769766892295 1.6763878786587159 0.53150025010108948 0.73102971725165833
leaf_count=1648 66 105 2 17
internal_value=0 -0.0105831 0.0402164 0
internal_weight=3.84803 3.1047 0.743328 2.40742
internal_count=1838 1770 68 122
is_linear=0
shrinkage=0.05


Tree=69
num_leaves=4
num_cat=0
split_feature=0 1 1
split_gain=0.728142 0.26885 0.15362
threshold=1.0056491861155661 0.048148093266790808 0.14435521813360394
decision_type=2 2 2
left_child=2 -2 -1
right_child=1 -3 -4
leaf_value=-0.031689140798016678 -0.0028633808264955764 0.027227612623736127 -0.0028633808264955764
leaf_weight=1.3121834342018703 0.31119957455666769 1.8334858711168633 0.3074409645050763
leaf_count=1258 530 40 10
internal_value=0 0.0187557 -0.0244825
internal_weight=3.76431 2.14469 1.61962
internal_count=1838 570 1268
is_linear=0
shrinkage=0.05


Tree=70
num_leaves=5
num_cat=0
split_feature=1 1 2 2
split_gain=0.645366 0.167297 0.0161897 0.00237845
threshold=0.18183509009769686 0.048148093266790808 1.6921233029121574 1.1249524175825665
decision_type=2 2 2 2
left_child=1 2 -1 -3
right_child=-2 3 -4 -5
leaf_value=-0.038109720431986585 0.02619623525149057 -0.0032741843755370059 -0.017930684875603797 0
leaf_weight=0.67738720329362045 1.3641839586198328 1.0534354823466854 0.11184840544592589 0.47454921825556073
leaf_count=1682 24 76 29 27
internal_value=0 -0.0158679 -0.0338757 -0.00198568
internal_weight=3.6814 2.31722 0.789236 1.52798
internal_count=1838 1814 1711 103
is_linear=0
shrinkage=0.05


Tree=71
num_leaves=4
num_cat=0
split_feature=0 1 1
split_gain=0.625239 0.242012 0.143857
threshold=1.0056491861155661 0.048148093266790808 0.097445683206376518
decision_type=2 2 2
left_child=2 -2 -1
right_child=1 -3 -4
leaf_value=-0.034780937901839774 -0.0028539107181439691 0.025880247895477083 -0.0028539107181439691
leaf_weight=0.93816995392262492 0.30054963791917577 1.7683365233824586 0.59979398082941771
leaf_count=1240 530 40 28
internal_value=0 0.0176094 -0.0233172
internal_weight=3.60685 2.06889 1.53796
internal_count=1838 570 1268
is_linear=0
shrinkage=0.05


Tree=72
num_leaves=5
num_cat=0
split_feature=1 1 2 2
split_gain=0.595886 0.181677 0.0169255 0.0142295
threshold=0.25603365801316341 0.048148093266790808 1.6921233029121574 1.1249524175825665
decision_type=2 2 2 2
left_child=1 2 -1 -3
right_child=-2 3 -4 -5
leaf_value=-0.03730527785150968 0.029623614909940366 -0.0053887734615874379 -0.017014982196673089 0.00020592113792955045
leaf_weight=0.63322692993097085 1.0669453404843805 1.1845288017066193 0.10730271157808602 0.5412915811757556
leaf_count=1682 18 81 29 28
internal_value=0 -0.0134702 -0.0330496 -0.00098037
internal_weight=3.5333 2.46635 0.74053 1.72582
internal_count=1838 1820 1711 109
is_linear=0
shrinkage=0.05


Tree=73
num_leaves=4
num_cat=0
split_feature=0 1 1
split_gain=0.560892 0.222011 0.118022
threshold=1.0056491861155661 0.048148093266790808 0.09077719567361052
decision_type=2 2 2
left_child=2 -2 -1
right_child=1 -3 -4
leaf_value=-0.03437162963614409 -0.0029367364234939297 0.024933783387866337 -0.0029367364234939297
leaf_weight=0.83656807128863897 0.28974924460635554 1.7133841249742543 0.62293007504194975
leaf_count=1237 530 40 31
internal_value=0 0.0168489 -0.0227224
internal_weight=3.46263 2.00313 1.4595
internal_count=1838 570 1268
is_linear=0
shrinkage=0.05


Tree=74
num_leaves=5
num_cat=0
split_feature=1 0 1 1
split_gain=0.537741 0.205805 0.21254 0.025984
threshold=0.25603365801316341 1.16139755327029 0.09077719567361052 0.00037006364019125007
decision_type=2 2 2 2
left_child=1 2 -1 -3
right_child=-2 3 -4 -5
leaf_value=-0.035665193387284425 0.02847492243990353 0 -0.0068829324453973193 0.0076688086287677662
leaf_weight=1.0598979127971695 1.0345657449215648 0.07236343114345789 0.80186390131711949 0.4250316304678563
leaf_count=1619 18 127 34 40
internal_value=0 -0.0131373 -0.0214347 0.00766881
internal_weight=3.39372 2.35916 1.86176 0.497395
internal_count=1838 1820 1653 167
is_linear=0
shrinkage=0.05


Tree=75
num_leaves=5
num_cat=0
split_feature=1 0 1 1
split_gain=0.503056 0.26419 0.0560668 0.0157101
threshold=0.18183509009769686 1.1286252482731309 0.09077719567361052 0.00037006364019125007
decision_type=2 2 2 2
left_child=1 2 -1 -3
right_child=-2 3 -4 -5
leaf_value=-0.034668113995910216 0.023833233535522094 0 -0.010987816901143799 0.0044150821842885591
leaf_weight=1.0050322563911329 1.2587376721203325 0.091738589879241661 0.49712584633380164 0.46453592338366434
leaf_count=1561 24 173 27 53
internal_value=0 -0.0150031 -0.0263907 0.00441508
internal_weight=3.31717 2.05843 1.50216 0.556275
internal_count=1838 1814 1588 226
is_linear=0
shrinkage=0.05


Tree=76
num_leaves=5
num_cat=0
split_feature=2 1 1 1
split_gain=0.559634 0.214871 0.072542 0.0112741
threshold=1.5566341673218667 0.048148093266790808 0.21125358013070353 0.25603365801316341
decision_type=2 2 2 2
left_child=1 -1 -2 -3
right_child=2 3 -4 -5
leaf_value=-0.035713707467116017 0.013828833104100763 -0.0041308486439691483 0.048512755405873527 0.0017352003007230984
leaf_weight=0.55932051439595021 0.18239479411568016 1.426512790436391 0.46540671586990356 0.61057371087372292
leaf_count=1648 66 105 2 17
internal_value=0 -0.010614 0.0382716 -3.40677e-05
internal_weight=3.24421 2.59641 0.647802 2.03709
internal_count=1838 1770 68 122
is_linear=0
shrinkage=0.05


Tree=77
num_leaves=5
num_cat=0
split_feature=1 0 1 1
split_gain=0.466228 0.238907 0.0548327 0.0174656
threshold=0.18183509009769686 1.1286252482731309 0.09077719567361052 0.00037006364019125007
decision_type=2 2 2 2
left_child=1 2 -1 -3
right_child=-2 3 -4 -5
leaf_value=-0.033872049765652876 0.023657177196939421 0 -0.010554327458832183 0.0045322407193044076
leaf_weight=0.96271143897320166 1.1880888184532521 0.091098193923244142 0.48430668702349067 0.45008983479056042
leaf_count=1561 24 173 27 53
internal_value=0 -0.0145927 -0.0256409 0.00453224
internal_weight=3.17629 1.98821 1.44702 0.541188
internal_count=1838 1814 1588 226
is_linear=0
shrinkage=0.05


Tree=78
num_leaves=5
num_cat=0
split_feature=2 1 1 1
split_gain=0.466998 0.211018 0.0738073 0.0091802
threshold=1.5566341673218667 0.048148093266790808 0.21125358013070353 0.25603365801316341
decision_type=2 2 2 2
left_child=1 -1 -2 -3
right_child=2 3 -4 -5
leaf_value=-0.03504402994753196 0.013056014490860697 -0.0034756175294479207 0.046444088886574503 0.0027222057225044886
leaf_weight=0.5336844853009105 0.17736902828619339 1.382988167053554 0.4324951171875 0.57960303965955962
leaf_count=1648 66 105 2 17
internal_value=0 -0.00982605 0.0359381 0
internal_weight=3.10614 2.49628 0.609864 1.96259
internal_count=1838 1770 68 122
is_linear=0
shrinkage=0.05


Tree=79
num_leaves=5
num_cat=0
split_feature=1 0 1 1
split_gain=0.430467 0.21365 0.0614796 0.0182938
threshold=0.18183509009769686 1.1286252482731309 0.09077719567361052 0.00037006364019125007
decision_type=2 2 2 2
left_child=1 2 -1 -3
right_child=-2 3 -4 -5
leaf_value=-0.033438635921001006 0.023358338416342404 0 -0.010144869876774685 0.0045770126620876955
leaf_weight=0.91561113718489673 1.1265396829694507 0.090313398963189573 0.47637708112597466 0.43468477105489001
leaf_count=1561 24 173 27 53
internal_value=0 -0.0142043 -0.0248668 0.00457701
internal_weight=3.04353 1.91699 1.39199 0.524998
internal_count=1838 1814 1588 226
is_linear=0
shrinkage=0.05


Tree=80
num_leaves=4
num_cat=0
split_feature=1 1 2
split_gain=0.401098 0.156767 0.00447285
threshold=0.25603365801316341 0.048148093266790808 1.1249524175825665
decision_type=2 2 2
left_child=1 -1 -3
right_child=-2 2 -4
leaf_value=-0.031508631216166538 0.026397107302665198 -0.0031640489299380029 0
leaf_weight=0.60961912486527658 0.89045812748372544 1.0169606047857085 0.46024092368315894
leaf_count=1711 18 81 28
internal_value=0 -0.0119558 0
internal_weight=2.97728 2.08682 1.4772
internal_count=1838 1820 109
is_linear=0
shrinkage=0.05


Tree=81
num_leaves=5
num_cat=0
split_feature=2 1 1 1
split_gain=0.394353 0.188096 0.0687439 0.00530618
threshold=1.5566341673218667 0.048148093266790808 0.21125358013070353 0.25603365801316341
decision_type=2 2 2 2
left_child=1 -1 -2 -3
right_child=2 3 -4 -5
leaf_value=-0.033905129975630825 0.012350902195757345 -0.0027616225950819859 0.044416100908350721 0.0019474722664236583
leaf_weight=0.49306758852617427 0.16993104050925456 1.3209323745104482 0.40050550550222397 0.54035320412367571
leaf_count=1648 66 105 2 17
internal_value=0 -0.00928352 0.0339853 0
internal_weight=2.92479 2.35435 0.570437 1.86129
internal_count=1838 1770 68 122
is_linear=0
shrinkage=0.05


Tree=82
num_leaves=4
num_cat=0
split_feature=1 1 2
split_gain=0.377953 0.115967 0.00069017
threshold=0.18183509009769686 0.048148093266790808 1.1249524175825665
decision_type=2 2 2
left_child=1 -1 -3
right_child=-2 2 -4
leaf_value=-0.03082725681004448 0.022620193595177831 -0.0013549593073681481 0
leaf_weight=0.57860936438373789 1.0528567526489494 0.85000833886442684 0.38704530755057931
leaf_count=1711 24 76 27
internal_value=0 -0.013613 -0.000118293
internal_weight=2.86852 1.81566 1.23705
internal_count=1838 1814 103
is_linear=0
shrinkage=0.05


Tree=83
num_leaves=4
num_cat=0
split_feature=1 1 2
split_gain=0.357172 0.094377 0.000168664
threshold=0.14040320142251209 0.048148093266790808 1.1249524175825665
decision_type=2 2 2
left_child=1 -1 -3
right_child=-2 2 -4
leaf_value=-0.030245209950979707 0.020492492379720423 -0.00089886774677287349 0
leaf_weight=0.56096235278528217 1.1477091656997798 0.76300168226589427 0.34790744871133938
leaf_count=1711 28 73 26
internal_value=0 -0.0144303 -0.000477084
internal_weight=2.81958 1.67187 1.11091
internal_count=1838 1810 99
is_linear=0
shrinkage=0.05


Tree=84
num_leaves=4
num_cat=0
split_feature=0 1 1
split_gain=0.349393 0.157672 0.0773672
threshold=1.0056491861155661 0.048148093266790808 0.14435521813360394
decision_type=2 2 2
left_child=2 -2 -1
right_child=1 -3 -4
leaf_value=-0.02618151980560314 -0.0026818334348948925 0.022448072341512512 -0.0026818334348948925
leaf_weight=0.9213469626120061 0.23142123676370818 1.3858632254996335 0.23599773272871971
leaf_count=1258 530 40 10
internal_value=0 0.0146628 -0.0200265
internal_weight=2.77463 1.61728 1.15734
internal_count=1838 570 1268
is_linear=0
shrinkage=0.05


Tree=85
num_leaves=6
num_cat=0
split_feature=1 0 1 1 0
split_gain=0.330613 0.123993 0.033467 0.0155879 0.00517163
threshold=0.25603365801316341 1.0056491861155661 0.00037006364019125007 0.14435521813360394 1.16139755327029
decision_type=2 2 2 2 2
left_child=1 3 -3 -1 -4
right_child=-2 2 4 -5 -6
leaf_value=-0.025188988620465876 0.024847699271652653 -0.011379825901879151 0 -0.011379825901879151 0.006735563786401097
leaf_weight=0.89985113206785194 0.81827755738049734 0.16175364315859042 0.39186291367514059 0.099684908986091614 0.35246527803246863
leaf_count=1258 18 439 79 4 40
internal_value=0 -0.0113766 0 -0.0227597 0.00673556
internal_weight=2.7239 1.90562 0.906082 0.999536 0.744328
internal_count=1838 1820 558 1262 119
is_linear=0
shrinkage=0.05


Tree=86
num_leaves=5
num_cat=0
split_feature=1 0 1 0
split_gain=0.308197 0.189135 0.0917584 0.000781179
threshold=0.09077719567361052 1.16139755327029 0.28721696211841202 1.0056491861155661
decision_type=2 2 2 2
left_child=1 -1 3 -2
right_child=2 -3 -4 -5
leaf_value=-0.03177257995195381 0 -0.0021755224688930347 0.027575234264614713 0.0018685924728729236
leaf_weight=0.80408333861851156 0.42561769206076838 0.34381903601752128 0.64158714935183525 0.4593215137720108
leaf_count=1619 27 165 12 15
internal_value=0 -0.0186917 0.0143406 0
internal_weight=2.67443 1.1479 1.52653 0.884939
internal_count=1838 1784 54 42
is_linear=0
shrinkage=0.05


Tree=87
num_leaves=5
num_cat=0
split_feature=2 1 1 1
split_gain=0.334216 0.139967 0.0529892 0.00216258
threshold=1.5566341673218667 0.048148093266790808 0.21125358013070353 0.25603365801316341
decision_type=2 2 2 2
left_child=1 -1 -2 -3
right_child=2 3 -4 -5
leaf_value=-0.031768004897039209 0.011688309756883579 -0.0020438360570022495 0.042079036388690108 0
leaf_weight=0.42811367547256018 0.15502229981939297 1.1942555415444074 0.36299220100045204 0.48045110050588835
leaf_count=1648 66 105 2 17
internal_value=0 -0.00911601 0.0324926 0
internal_weight=2.62083 2.10282 0.518015 1.67471
internal_count=1838 1770 68 122
is_linear=0
shrinkage=0.05


Tree=88
num_leaves=4
num_cat=0
split_feature=1 1 2
split_gain=0.292998 0.0928076 6.63066e-05
threshold=0.18183509009769686 0.048148093266790808 1.1249524175825665
decision_type=2 2 2
left_child=1 -1 -3
right_child=-2 2 -4
leaf_value=-0.029004821375261471 0.020831313720345045 -0.00043788982604013675 0
leaf_weight=0.50528207451861851 0.94921926874667395 0.76450412400299661 0.35360468807630241
leaf_count=1711 24 76 27
internal_value=0 -0.0126823 0
internal_weight=2.57261 1.62339 1.11811
internal_count=1838 1814 103
is_linear=0
shrinkage=0.05


Tree=89
num_leaves=5
num_cat=0
split_feature=1 0 1 1
split_gain=0.277224 0.144674 0.048993 0.0132055
threshold=0.18183509009769686 1.1286252482731309 0.09077719567361052 0.00037006364019125007
decision_type=2 2 2 2
left_child=1 2 -1 -3
right_child=-2 3 -4 -5
leaf_value=-0.030765697097564916 0.020335546033412158 0 -0.0096182597620942233 0.0039300421518964441
leaf_weight=0.7345183704455851 0.93871270027011622 0.07656874248641532 0.41188760241493583 0.37017583478882443
leaf_count=1561 24 173 27 53
internal_value=0 -0.0124755 -0.0223042 0.00306766
internal_weight=2.53186 1.59315 1.14641 0.446745
internal_count=1838 1814 1588 226
is_linear=0
shrinkage=0.05


Tree=90
num_leaves=5
num_cat=0
split_feature=2 1 1 1
split_gain=0.289824 0.120909 0.0491762 0.00161484
threshold=1.5566341673218667 0.048148093266790808 0.21125358013070353 0.25603365801316341
decision_type=2 2 2 2
left_child=1 -1 -2 -3
right_child=2 3 -4 -5
leaf_value=-0.030499345875175818 0.011125563904475397 -0.0018016877339066069 0.040397945687694545 0
leaf_weight=0.39608921794570084 0.14874361467082042 1.1436814973421858 0.34062331169843674 0.45333861000835884
leaf_count=1648 66 105 2 17
internal_value=0 -0.00872104 0.0309722 0
internal_weight=2.48248 1.99311 0.489367 1.59702
internal_count=1838 1770 68 122
is_linear=0
shrinkage=0.05


Tree=91
num_leaves=4
num_cat=0
split_feature=1 1 2
split_gain=0.25701 0.0822939 9.38086e-06
threshold=0.18183509009769686 0.048148093266790808 1.1249524175825665
decision_type=2 2 2
left_child=1 -1 -3
right_child=-2 2 -4
leaf_value=-0.028044151997728695 0.020015817665771519 -0.00016798682302146593 0
leaf_weight=0.47042226862686254 0.8975158855319022 0.73106009155162588 0.33979156205896288
leaf_count=1711 24 76 27
internal_value=0 -0.012165 0
internal_weight=2.43879 1.54127 1.07085
internal_count=1838 1814 103
is_linear=0
shrinkage=0.05


Tree=92
num_leaves=5
num_cat=0
split_feature=1 0 1 1
split_gain=0.244756 0.135165 0.0272135 0.00831496
threshold=0.14040320142251209 1.1286252482731309 0.09077719567361052 0.00037006364019125007
decision_type=2 2 2 2
left_child=1 2 -1 -3
right_child=-2 3 -4 -5
leaf_value=-0.029896208670387281 0.018139479403665417 0 -0.010446888147538878 0.0025869879473047822
leaf_weight=0.6895560927805493 0.98447470646351565 0.073647538520162814 0.32934085885062814 0.3246965240832651
leaf_count=1561 28 173 24 52
internal_value=0 -0.0129655 -0.0229787 0.00208493
internal_weight=2.40172 1.41724 1.0189 0.398344
internal_count=1838 1810 1585 225
is_linear=0
shrinkage=0.05


Tree=93
num_leaves=5
num_cat=0
split_feature=2 1 1 1
split_gain=0.253096 0.103559 0.0457561 0.00130715
threshold=1.5566341673218667 0.048148093266790808 0.21125358013070353 0.25603365801316341
decision_type=2 2 2 2
left_child=1 -1 -2 -3
right_child=2 3 -4 -5
leaf_value=-0.02920753310149592 0.010597773282772569 -0.0016525705120559711 0.038817516553412534 0
leaf_weight=0.36710804655740537 0.14295966274221417 1.0965946421783881 0.32131368666887283 0.42993223480880249
leaf_count=1648 66 105 2 17
internal_value=0 -0.00836742 0.029563 0
internal_weight=2.35791 1.89363 0.464273 1.52653
internal_count=1838 1770 68 122
is_linear=0
shrinkage=0.05


Tree=94
num_leaves=4
num_cat=0
split_feature=1 1 2
split_gain=0.228659 0.0866138 0.00108496
threshold=0.25603365801316341 0.048148093266790808 1.1249524175825665
decision_type=2 2 2
left_child=1 -1 -3
right_child=-2 2 -4
leaf_value=-0.027061155925203979 0.022390756675219822 -0.0017124503633871128 0
leaf_weight=0.43898140858073054 0.68485128367319692 0.82494995763408929 0.36943124036770314
leaf_count=1711 18 81 28
internal_value=0 -0.0101383 0
internal_weight=2.31821 1.63336 1.19438
internal_count=1838 1820 109
is_linear=0
shrinkage=0.05


Tree=95
num_leaves=5
num_cat=0
split_feature=1 0 1 0
split_gain=0.218213 0.145674 0.0598859 0.000495252
threshold=0.09077719567361052 1.16139755327029 0.28721696211841202 1.0056491861155661
decision_type=2 2 2 2
left_child=1 -1 3 -2
right_child=2 -3 -4 -5
leaf_value=-0.029682481916549576 0 -0.0020531910186950054 0.024536949254540703 0.0015762443176404917
leaf_weight=0.66736033943743711 0.3741559009067712 0.30392958576703677 0.5395568017847836 0.39833205472677946
leaf_count=1619 27 165 12 15
internal_value=0 -0.0170162 0.0129099 0
internal_weight=2.28333 0.97129 1.31204 0.772488
internal_count=1838 1784 54 42
is_linear=0
shrinkage=0.05


Tree=96
num_leaves=5
num_cat=0
split_feature=2 1 1 1
split_gain=0.211421 0.0909591 0.0417364 0.000664733
threshold=1.5566341673218667 0.048148093266790808 0.21125358013070353 0.25603365801316341
decision_type=2 2 2 2
left_child=1 -1 -2 -3
right_child=2 3 -4 -5
leaf_value=-0.02791323530907075 0.0099338722937388681 -0.0011990464355459264 0.036750172253448406 0
leaf_weight=0.34124919584428459 0.13784431792737439 1.0558862868347203 0.29980269446969032 0.40656229713931669
leaf_count=1648 66 105 2 17
internal_value=0 -0.00781951 0.0276873 0
internal_weight=2.24134 1.8037 0.437647 1.46245
internal_count=1838 1770 68 122
is_linear=0
shrinkage=0.05


Tree=97
num_leaves=3
num_cat=0
split_feature=1 1
split_gain=0.206728 0.0611038
threshold=0.18183509009769686 0.048148093266790808
decision_type=2 2
left_child=1 -1
right_child=-2 -3
leaf_value=-0.026060397390886864 0.018886185189415317 0
leaf_weight=0.41097532773710577 0.80430096248164762 0.99050133363925852
leaf_count=1711 24 103
internal_value=0 -0.0113747
internal_weight=2.20578 1.40148
internal_count=1838 1814
is_linear=0
shrinkage=0.05


Tree=98
num_leaves=4
num_cat=0
split_feature=0 1 1
split_gain=0.200348 0.103964 0.0484876
threshold=1.0056491861155661 0.048148093266790808 0.14435521813360394
decision_type=2 2 2
left_child=2 -2 -1
right_child=1 -3 -4
leaf_value=-0.022582484414134615 -0.0023312393302806641 0.019718465087081933 -0.0023312393302806641
leaf_weight=0.70969188390154192 0.17968476405076206 1.0957622827845623 0.18941941997036338
leaf_count=1258 530 40 10
internal_value=0 0.0123782 -0.0170406
internal_weight=2.17456 1.27545 0.899111
internal_count=1838 570 1268
is_linear=0
shrinkage=0.05


Tree=99
num_leaves=3
num_cat=0
split_feature=1 1
split_gain=0.18946 0.0543215
threshold=0.18183509009769686 0.048148093266790808
decision_type=2 2
left_child=1 -1
right_child=-2 -3
leaf_value=-0.025266586224106824 0.018178247530892953 0
leaf_weight=0.39460986986523516 0.7887788931839167 0.9559215242479695
leaf_count=1711 24 103
internal_value=0 -0.0111383
internal_weight=2.13931 1.35053
internal_count=1838 1814
is_linear=0
shrinkage=0.05


Tree=100
num_leaves=5
num_cat=0
split_feature=2 1 1 1
split_gain=0.188821 0.070035 0.0343279 0.000829326
threshold=1.5566341673218667 0.048148093266790808 0.21125358013070353 0.22953966197477424
decision_type=2 2 2 2
left_child=1 -1 -2 -3
right_child=2 3 -4 -5
leaf_value=-0.026146444921070579 0.0095246791378311279 -0.0013849921765639586 0.035180648819081173 0
leaf_weight=0.30992104979668544 0.13182532215432718 0.98086288354534168 0.28277559578418732 0.40482589416205883
leaf_count=1648 66 104 2 18
internal_value=0 -0.0076524 0.0267018 0
internal_weight=2.11021 1.69561 0.414601 1.38569
internal_count=1838 1770 68 122
is_linear=0
shrinkage=0.05


Tree=101
num_leaves=3
num_cat=0
split_feature=1 1
split_gain=0.179984 0.0392303
threshold=0.14040320142251209 0.048148093266790808
decision_type=2 2
left_child=1 -1
right_child=-2 -3
leaf_value=-0.024476652133439622 0.016626014879422609 0
leaf_weight=0.37668735825718636 0.84944375930353988 0.85220745592960157
leaf_count=1711 28 99
internal_value=0 -0.0118787
internal_weight=2.07834 1.22889
internal_count=1838 1810
is_linear=0
shrinkage=0.05


Tree=102
num_leaves=4
num_cat=0
split_feature=1 1 2
split_gain=0.172395 0.0412654 1.37229e-07
threshold=0.18183509009769686 0.048148093266790808 1.1249524175825665
decision_type=2 2 2
left_child=1 -1 -3
right_child=-2 2 -4
leaf_value=-0.02390791045792947 0.017666234890671369 -2.1658981749091017e-05 0
leaf_weight=0.36712167844234522 0.75598347513005126 0.63132540756487288 0.29729059629607946
leaf_count=1711 24 76 27
internal_value=0 -0.0108344 0
internal_weight=2.05172 1.29574 0.928616
internal_count=1838 1814 103
is_linear=0
shrinkage=0.05


Tree=103
num_leaves=5
num_cat=0
split_feature=2 1 1 1
split_gain=0.17054 0.0562651 0.0287064 0.00109731
threshold=1.5566341673218667 0.048148093266790808 0.21125358013070353 0.25603365801316341
decision_type=2 2 2 2
left_child=1 -1 -2 -3
right_child=2 3 -4 -5
leaf_value=-0.024679286785239909 0.0092040134842019585 -0.0015992020666447046 0.033801927225777836 0
leaf_weight=0.28714985941041993 0.12704091669002071 0.97265746965422273 0.26952854543924332 0.36896363319829106
leaf_count=1648 66 105 2 17
internal_value=0 -0.00741835 0.0258264 0
internal_weight=2.02534 1.62877 0.396569 1.34162
internal_count=1838 1770 68 122
is_linear=0
shrinkage=0.05


Tree=104
num_leaves=4
num_cat=0
split_feature=1 1 2
split_gain=0.163597 0.0347876 2.98859e-06
threshold=0.18183509009769686 0.048148093266790808 1.1249524175825665
decision_type=2 2 2
left_child=1 -1 -3
right_child=-2 2 -4
leaf_value=-0.023140572030826409 0.017490641331833666 -0.00010177344965775441 0
leaf_weight=0.35140229795069877 0.73106506280601036 0.62133489480766002 0.29263176012318581
leaf_count=1711 24 76 27
internal_value=0 -0.0106461 0
internal_weight=1.99643 1.26537 0.913967
internal_count=1838 1814 103
is_linear=0
shrinkage=0.05


Tree=105
num_leaves=3
num_cat=0
split_feature=1 1
split_gain=0.156265 0.0171329
threshold=0.11608475143133061 0.048148093266790808
decision_type=2 2
left_child=1 -1
right_child=-2 -3
leaf_value=-0.022598032359885403 0.014254377085698287 0
leaf_weight=0.34313492468936579 0.91974666668102156 0.7085383987869136
leaf_count=1711 35 92
internal_value=0 -0.0126215
internal_weight=1.97142 1.05167
internal_count=1838 1803
is_linear=0
shrinkage=0.05


Tree=106
num_leaves=4
num_cat=0
split_feature=2 1 1
split_gain=0.153576 0.0493619 0.024695
threshold=1.5566341673218667 0.11148144224017686 0.21125358013070353
decision_type=2 2 2
left_child=1 -1 -2
right_child=2 -3 -4
leaf_value=-0.014664482234629803 0.0088583686324510535 0 0.032481893200519356
leaf_weight=0.87335829654330133 0.12336819157644652 0.69508089730516076 0.2575983963906765
leaf_count=1734 66 36 2
internal_value=0 -0.00717587 0.0248926
internal_weight=1.94941 1.56844 0.380967
internal_count=1838 1770 68
is_linear=0
shrinkage=0.05


Tree=107
num_leaves=4
num_cat=0
split_feature=1 1 2
split_gain=0.147995 0.0388517 0.000458177
threshold=0.25603365801316341 0.048148093266790808 1.1249524175825665
decision_type=2 2 2
left_child=1 -1 -3
right_child=-2 2 -4
leaf_value=-0.022140036920920193 0.019563937422231906 -0.0011887159481461162 0
leaf_weight=0.33411092343158078 0.56446567829698335 0.71062021133548092 0.31629607285140082
leaf_count=1711 18 81 28
internal_value=0 -0.00889753 0
internal_weight=1.92549 1.36103 1.02692
internal_count=1838 1820 109
is_linear=0
shrinkage=0.05


Tree=108
num_leaves=3
num_cat=0
split_feature=1 1
split_gain=0.141005 0.026857
threshold=0.18183509009769686 0.048148093266790808
decision_type=2 2
left_child=1 -1
right_child=-2 -3
leaf_value=-0.021647761315868194 0.016636006750135886 0
leaf_weight=0.32714055898395578 0.69306430546566855 0.8813793484296184
leaf_count=1711 24 103
internal_value=0 -0.0100827
internal_weight=1.90158 1.20852
internal_count=1838 1814
is_linear=0
shrinkage=0.05


Tree=109
num_leaves=4
num_cat=0
split_feature=2 1 1
split_gain=0.134613 0.0443541 0.0219591
threshold=1.5566341673218667 0.11148144224017686 0.21125358013070353
decision_type=2 2 2
left_child=1 -1 -2
right_child=2 -3 -4
leaf_value=-0.014029515387206044 0.008435671323584552 0 0.031019848269775597
leaf_weight=0.84580242107040227 0.12027849807054747 0.66854052804410458 0.24485614150762558
leaf_count=1734 66 36 2
internal_value=0 -0.00682851 0.0236999
internal_weight=1.87948 1.51434 0.365135
internal_count=1838 1770 68
is_linear=0
shrinkage=0.05


Tree=110
num_leaves=3
num_cat=0
split_feature=1 1
split_gain=0.131207 0.0265181
threshold=0.18183509009769686 0.048148093266790808
decision_type=2 2
left_child=1 -1
right_child=-2 -3
leaf_value=-0.021230106152145847 0.016331363433148862 0
leaf_weight=0.31933747776201904 0.66977552603930246 0.86863929408718832
leaf_count=1711 24 103
internal_value=0 -0.00976071
internal_weight=1.85775 1.18798
internal_count=1838 1814
is_linear=0
shrinkage=0.05


Tree=111
num_leaves=4
num_cat=0
split_feature=1 1 2
split_gain=0.125314 0.0317404 0.000148619
threshold=0.25603365801316341 0.048148093266790808 1.1249524175825665
decision_type=2 2 2
left_child=1 -1 -3
right_child=-2 2 -4
leaf_value=-0.020715495979566484 0.018430067331830433 -0.00068794905312648767 0
leaf_weight=0.31247361598798284 0.5348249780945481 0.68505631548759993 0.30422594450647011
leaf_count=1711 18 81 28
internal_value=0 -0.00834661 0
internal_weight=1.83658 1.30176 0.989282
internal_count=1838 1820 109
is_linear=0
shrinkage=0.05


Tree=112
num_leaves=3
num_cat=0
split_feature=1 1
split_gain=0.119597 0.0216599
threshold=0.18183509009769686 0.048148093266790808
decision_type=2 2
left_child=1 -1
right_child=-2 -3
leaf_value=-0.020238692351094632 0.015705621884782649 0
leaf_weight=0.30632748954667455 0.65692513249814521 0.8523101658502128
leaf_count=1711 24 103
internal_value=0 -0.00944514
internal_weight=1.81556 1.15864
internal_count=1838 1814
is_linear=0
shrinkage=0.05


Tree=113
num_leaves=4
num_cat=0
split_feature=2 1 1
split_gain=0.120635 0.0379932 0.0174929
threshold=1.5566341673218667 0.11148144224017686 0.21125358013070353
decision_type=2 2 2
left_child=1 -1 -2
right_child=2 -3 -4
leaf_value=-0.013372412360014053 0.0081086770352139428 0 0.029611348363167107
leaf_weight=0.81007404209231004 0.11574004162685025 0.63756792526692152 0.23272882774472237
leaf_count=1734 66 36 2
internal_value=0 -0.00661675 0.0228341
internal_weight=1.79611 1.44764 0.348469
internal_count=1838 1770 68
is_linear=0
shrinkage=0.05


Tree=114
num_leaves=4
num_cat=0
split_feature=0 1 1
split_gain=0.154586 0.0787722 0.0558903
threshold=1.0942059042555934 0.10056318560226442 0.00037006364019125007
decision_type=2 2 2
left_child=1 -1 -2
right_child=2 -3 -4
leaf_value=-0.024851552307371752 0.00099322186099773261 0 0.020150041048079461
leaf_weight=0.50957300922891591 0.064094055684108753 0.44872882915660739 0.75416396518266993
leaf_count=1486 244 32 76
internal_value=0 -0.013025 0.0150114
internal_weight=1.77656 0.958302 0.818258
internal_count=1838 1518 320
is_linear=0
shrinkage=0.05


Tree=115
num_leaves=3
num_cat=0
split_feature=1 1
split_gain=0.108395 0.0200489
threshold=0.18183509009769686 0.048148093266790808
decision_type=2 2
left_child=1 -1
right_child=-2 -3
leaf_value=-0.019662420138300669 0.015217250139284787 0
leaf_weight=0.29307042607979361 0.63044482376426469 0.82009311422007158
leaf_count=1711 24 103
internal_value=0 -0.00916233
internal_weight=1.74361 1.11316
internal_count=1838 1814
is_linear=0
shrinkage=0.05


Tree=116
num_leaves=4
num_cat=0
split_feature=0 1 1
split_gain=0.135045 0.0748823 0.0507097
threshold=1.0942059042555934 0.10056318560226442 0.00037006364019125007
decision_type=2 2 2
left_child=1 -1 -2
right_child=2 -3 -4
leaf_value=-0.024141696585780623 0.00090821432591520201 0 0.019184598830342021
leaf_weight=0.49102312491595512 0.06194722050713608 0.43750880192965269 0.73484668486344162
leaf_count=1486 244 32 76
internal_value=0 -0.012365 0.0141814
internal_weight=1.72533 0.928532 0.796794
internal_count=1838 1518 320
is_linear=0
shrinkage=0.05


Tree=117
num_leaves=4
num_cat=0
split_feature=0 1 1
split_gain=0.117984 0.0605905 0.0305691
threshold=1.0056491861155661 0.048148093266790808 0.14435521813360394
decision_type=2 2 2
left_child=2 -2 -1
right_child=1 -3 -4
leaf_value=-0.019731938131645865 0 0.016817102376643158 -0.0020776968569806578
leaf_weight=0.5400966737070122 0.13213389635347972 0.87139529021806084 0.1519888206385076
leaf_count=1258 530 40 10
internal_value=0 0.0105682 -0.0147236
internal_weight=1.69561 1.00353 0.692085
internal_count=1838 570 1268
is_linear=0
shrinkage=0.05


Tree=118
num_leaves=4
num_cat=0
split_feature=2 1 1
split_gain=0.10155 0.0299069 0.0171932
threshold=1.5566341673218667 0.11148144224017686 0.21125358013070353
decision_type=2 2 2
left_child=1 -1 -2
right_child=2 -3 -4
leaf_value=-0.012532951785632291 0.0075374690117015171 0 0.027980127238327664
leaf_weight=0.74505690499063326 0.10718306489434337 0.59913777653127909 0.22017106786370277
leaf_count=1734 66 36 2
internal_value=0 -0.00633562 0.0214106
internal_weight=1.67155 1.34419 0.327354
internal_count=1838 1770 68
is_linear=0
shrinkage=0.05


Tree=119
num_leaves=4
num_cat=0
split_feature=0 1 1
split_gain=0.100832 0.0676112 0.0450295
threshold=1.0942059042555934 0.09077719567361052 0.00037006364019125007
decision_type=2 2 2
left_child=1 -1 -2
right_child=2 -3 -4
leaf_value=-0.023370796757977513 0.00077578104142506099 0 0.017539556226369404
leaf_weight=0.42490793371689506 0.062141829810570925 0.46342139504849911 0.70314953335764585
leaf_count=1481 244 37 76
internal_value=0 -0.0109116 0.0124632
internal_weight=1.65362 0.888329 0.765291
internal_count=1838 1518 320
is_linear=0
shrinkage=0.05


Tree=120
num_leaves=4
num_cat=0
split_feature=1 1 2
split_gain=0.0944257 0.0219001 3.65508e-06
threshold=0.25603365801316341 0.048148093266790808 1.1249524175825665
decision_type=2 2 2
left_child=1 -1 -3
right_child=-2 2 -4
leaf_value=-0.018660409511561653 0.016657942574268211 -0.00011388894511457073 0
leaf_weight=0.27251785786938831 0.48056674003601085 0.60448747452755924 0.27064300159690902
leaf_count=1711 18 81 28
internal_value=0 -0.00775143 0
internal_weight=1.62822 1.14765 0.87513
internal_count=1838 1820 109
is_linear=0
shrinkage=0.05


Tree=121
num_leaves=5
num_cat=0
split_feature=1 0 1 1
split_gain=0.0894552 0.0630024 0.00593722 0.0032896
threshold=0.18183509009769686 1.1286252482731309 0.10056318560226442 0.00037006364019125007
decision_type=2 2 2 2
left_child=1 2 -1 -3
right_child=-2 3 -4 -5
leaf_value=-0.022266330434268466 0.014136076052243433 0 -0.0086308688728541066 0.0027004811632774664
leaf_weight=0.47154464452614753 0.5917166704311968 0.050564584707899485 0.24370918003842235 0.25358967737702187
leaf_count=1566 24 173 22 53
internal_value=0 -0.00873511 -0.0172617 0
internal_weight=1.61112 1.01941 0.715254 0.304154
internal_count=1838 1814 1588 226
is_linear=0
shrinkage=0.05


Tree=122
num_leaves=5
num_cat=0
split_feature=1 0 1 1
split_gain=0.0845741 0.0416423 0.0283447 0.000927686
threshold=0.25603365801316341 1.1286252482731309 0.09077719567361052 0.00037006364019125007
decision_type=2 2 2 2
left_child=1 2 -1 -3
right_child=-2 3 -4 -5
leaf_value=-0.022528359151656612 0.015872552865160563 0 -0.0069868610015999776 0.0024471707776182144
leaf_weight=0.4217735691272535 0.47120196698233496 0.0510322330519557 0.35720427660271525 0.2872688081333763
leaf_count=1561 18 173 31 55
internal_value=0 -0.00744811 -0.0139737 0
internal_weight=1.58848 1.11728 0.778978 0.338301
internal_count=1838 1820 1592 228
is_linear=0
shrinkage=0.05


Tree=123
num_leaves=4
num_cat=0
split_feature=2 1 1
split_gain=0.085757 0.0217164 0.0166469
threshold=1.5566341673218667 0.11148144224017686 0.21125358013070353
decision_type=2 2 2
left_child=1 -1 -2
right_child=2 -3 -4
leaf_value=-0.011434133400427975 0.0070061356322180888 0 0.026462361494269056
leaf_weight=0.69517061396618351 0.10056809086381702 0.56220697890967131 0.20872358419001102
leaf_count=1734 66 36 2
internal_value=0 -0.00604913 0.0200614
internal_weight=1.56667 1.25738 0.309292
internal_count=1838 1770 68
is_linear=0
shrinkage=0.05


Tree=124
num_leaves=5
num_cat=0
split_feature=1 0 1 1
split_gain=0.076777 0.052894 0.00534477 0.00236443
threshold=0.18183509009769686 1.1286252482731309 0.09077719567361052 0.00037006364019125007
decision_type=2 2 2 2
left_child=1 2 -1 -3
right_child=-2 3 -4 -5
leaf_value=-0.021774010730509982 0.013362605394202207 0 -0.0080652833162704329 0.0025790905368122696
leaf_weight=0.41271361794497352 0.5660238298587501 0.051602657826151699 0.27612803317606449 0.24431194076169049
leaf_count=1561 24 173 27 53
internal_value=0 -0.00820442 -0.0161306 0
internal_weight=1.55078 0.984756 0.688842 0.295915
internal_count=1838 1814 1588 226
is_linear=0
shrinkage=0.05


Tree=125
num_leaves=5
num_cat=0
split_feature=1 0 1 1
split_gain=0.0723091 0.0345259 0.0250596 0.000391886
threshold=0.25603365801316341 1.1286252482731309 0.09077719567361052 0.00037006364019125007
decision_type=2 2 2 2
left_child=1 2 -1 -3
right_child=-2 3 -4 -5
leaf_value=-0.021124751450237903 0.014947832065641429 0 -0.006505752096341539 0.0016120318352737706
leaf_weight=0.40507117629749678 0.45128746749833237 0.052010041450557765 0.34495573583990335 0.27701011551107513
leaf_count=1561 18 173 31 55
internal_value=0 -0.00698915 -0.0130115 0
internal_weight=1.53033 1.07905 0.750027 0.32902
internal_count=1838 1820 1592 228
is_linear=0
shrinkage=0.05


Tree=126
num_leaves=4
num_cat=0
split_feature=2 1 1
split_gain=0.0729547 0.0186946 0.017455
threshold=1.5566341673218667 0.048148093266790808 0.21125358013070353
decision_type=2 2 2
left_child=1 -1 -2
right_child=2 -3 -4
leaf_value=-0.017210384921722086 0.0065162725147453679 0 0.025277995292815127
leaf_weight=0.20133984784479242 0.098532532138051576 1.0108601483079835 0.20037845894694328
leaf_count=1648 66 122 2
internal_value=0 -0.00569238 0.0187249
internal_weight=1.51111 1.2122 0.298911
internal_count=1838 1770 68
is_linear=0
shrinkage=0.05


Tree=127
num_leaves=3
num_cat=0
split_feature=1 1
split_gain=0.0680898 0.0145929
threshold=0.14040320142251209 0.048148093266790808
decision_type=2 2
left_child=1 -1
right_child=-2 -3
leaf_value=-0.017511705979798134 0.011768087288129066 0
leaf_weight=0.25229642727936152 0.61249248636886477 0.63022884215752129
leaf_count=1711 28 99
internal_value=0 -0.00853378
internal_weight=1.49502 0.882525
internal_count=1838 1810
is_linear=0
shrinkage=0.05


Tree=128
num_leaves=5
num_cat=0
split_feature=1 0 1 1
split_gain=0.0649926 0.0449258 0.00403429 0.0014886
threshold=0.18183509009769686 1.1286252482731309 0.10056318560226442 0.00037006364019125007
decision_type=2 2 2 2
left_child=1 2 -1 -3
right_child=-2 3 -4 -5
leaf_value=-0.019615116123113566 0.012513536221918404 0 -0.0075955113182624564 0.0023959906945425092
leaf_weight=0.42831517582089873 0.5416803490370512 0.050897365748824086 0.22706182859838009 0.23363146251358557
leaf_count=1566 24 173 22 53
internal_value=0 -0.00772155 -0.015191 0
internal_weight=1.48159 0.939906 0.655377 0.284529
internal_count=1838 1814 1588 226
is_linear=0
shrinkage=0.05


Tree=129
num_leaves=4
num_cat=0
split_feature=2 1 1
split_gain=0.0652484 0.0163071 0.0153537
threshold=1.5566341673218667 0.21125358013070353 0.11148144224017686
decision_type=2 2 2
left_child=2 -2 -1
right_child=1 -3 -4
leaf_value=-0.01010154915608337 0.0062100485677684695 0.024282201283241035 0
leaf_weight=0.65076565201161407 0.096108361030928902 0.19379144720733166 0.52320025023072958
leaf_count=1734 66 2 36
internal_value=0 0.0178977 -0.00547764
internal_weight=1.46387 0.2899 1.17397
internal_count=1838 68 1770
is_linear=0
shrinkage=0.05


Tree=130
num_leaves=3
num_cat=0
split_feature=1 1
split_gain=0.0593519 0.017527
threshold=0.18183509009769686 0.048148093266790808
decision_type=2 2
left_child=1 -1
right_child=-2 -3
leaf_value=-0.017025047170054302 0.012128205404569187 0
leaf_weight=0.24535819516677293 0.52609505411237478 0.67905574604810681
leaf_count=1711 24 103
internal_value=0 -0.00741242
internal_weight=1.45051 0.924414
internal_count=1838 1814
is_linear=0
shrinkage=0.05


Tree=131
num_leaves=4
num_cat=0
split_feature=0 1 1
split_gain=0.0579854 0.0452589 0.0169632
threshold=1.0056491861155661 0.048148093266790808 0.14435521813360394
decision_type=2 2 2
left_child=2 -2 -1
right_child=1 -3 -4
leaf_value=-0.015225392809843788 0 0.014374895431165586 -0.0016191697609177214
leaf_weight=0.45123125967438682 0.11880175069381949 0.73884098423877731 0.1286842217668891
leaf_count=1258 530 40 10
internal_value=0 0.00792787 -0.0111662
internal_weight=1.43756 0.857643 0.579915
internal_count=1838 570 1268
is_linear=0
shrinkage=0.05


Tree=132
num_leaves=4
num_cat=0
split_feature=1 0 1
split_gain=0.0560473 0.0270806 0.0259074
threshold=0.22953966197477424 1.16139755327029 0.09077719567361052
decision_type=2 2 2
left_child=1 2 -1
right_child=-2 -3 -4
leaf_value=-0.020016951565464514 0.013277796690812072 0 -0.0057890248614900696
leaf_weight=0.38446758372447221 0.43337663030251861 0.23953235406224849 0.36435320321470499
leaf_count=1619 19 167 33
internal_value=0 -0.00650714 -0.011578
internal_weight=1.42173 0.988353 0.748821
internal_count=1838 1819 1652
is_linear=0
shrinkage=0.05


Tree=133
num_leaves=4
num_cat=0
split_feature=2 1 1
split_gain=0.0567128 0.0149771 0.0132326
threshold=1.5566341673218667 0.21125358013070353 0.048148093266790808
decision_type=2 2 2
left_child=2 -2 -1
right_child=1 -3 -4
leaf_value=-0.015284799030504757 0.0058351551375440437 0.023078030094206583 0
leaf_weight=0.1849789569241691 0.093285792914684973 0.18597518093883991 0.94107714055280667
leaf_count=1648 66 2 122
internal_value=0 0.0168972 -0.00522692
internal_weight=1.40532 0.279261 1.12606
internal_count=1838 68 1770
is_linear=0
shrinkage=0.05


Tree=134
num_leaves=4
num_cat=0
split_feature=1 0 0
split_gain=0.0522604 0.0422875 0.023
threshold=0.09077719567361052 1.16139755327029 1.0056491861155661
decision_type=2 2 2
left_child=1 -1 -2
right_child=2 -3 -4
leaf_value=-0.019534837678554552 0 -0.0014095374151994044 0.013341558779311145
leaf_weight=0.37608251631900202 0.28457165136933327 0.1974233991568326 0.53362199896946549
leaf_count=1619 31 165 23
internal_value=0 -0.0105785 0.0077594
internal_weight=1.3917 0.573506 0.818194
internal_count=1838 1784 54
is_linear=0
shrinkage=0.05


Tree=135
num_leaves=3
num_cat=0
split_feature=1 1
split_gain=0.0496986 0.0142962
threshold=0.18183509009769686 0.048148093266790808
decision_type=2 2
left_child=1 -1
right_child=-2 -3
leaf_value=-0.015860203269394659 0.011289348466087826 0
leaf_weight=0.2309172751265578 0.50216883840039372 0.64199844318500254
leaf_count=1711 24 103
internal_value=0 -0.00698732
internal_weight=1.37508 0.872916
internal_count=1838 1814
is_linear=0
shrinkage=0.05


Tree=136
num_leaves=4
num_cat=0
split_feature=2 1 1
split_gain=0.0503932 0.0137608 0.0111828
threshold=1.5566341673218667 0.21125358013070353 0.11148144224017686
decision_type=2 2 2
left_child=2 -2 -1
right_child=1 -3 -4
leaf_value=-0.0090686052291567582 0.0055448017471604015 0.022073068821387307 0
leaf_weight=0.60335777392538126 0.091040428480482771 0.17989718355238438 0.48934666998684406
leaf_count=1734 66 2 36
internal_value=0 0.0160954 -0.00500581
internal_weight=1.36364 0.270938 1.0927
internal_count=1838 68 1770
is_linear=0
shrinkage=0.05


Tree=137
num_leaves=3
num_cat=0
split_feature=1 1
split_gain=0.0466597 0.016146
threshold=0.22953966197477424 0.048148093266790808
decision_type=2 2
left_child=1 -1
right_child=-2 -3
leaf_value=-0.015506753536578186 0.012408061376500135 0
leaf_weight=0.22697840877663111 0.40915378089994192 0.71621723841235507
leaf_count=1711 19 108
internal_value=0 -0.00605605
internal_weight=1.35235 0.943196
internal_count=1838 1819
is_linear=0
shrinkage=0.05


Tree=138
num_leaves=3
num_cat=0
split_feature=1 1
split_gain=0.044952 0.0105678
threshold=0.14040320142251209 0.048148093266790808
decision_type=2 2
left_child=1 -1
right_child=-2 -3
leaf_value=-0.015102195406707764 0.010007901032205445 0
leaf_weight=0.2234368204663042 0.54928536363877356 0.56831038526433986
leaf_count=1711 28 99
internal_value=0 -0.00728675
internal_weight=1.34103 0.791747
internal_count=1838 1810
is_linear=0
shrinkage=0.05


Tree=139
num_leaves=4
num_cat=0
split_feature=2 1 1
split_gain=0.0450862 0.0124603 0.00994159
threshold=1.5566341673218667 0.21125358013070353 0.11148144224017686
decision_type=2 2 2
left_child=2 -2 -1
right_child=1 -3 -4
leaf_value=-0.0086542103455492601 0.0052895245721129337 0.021119092174578028 0
leaf_weight=0.58947518534478127 0.089372489055676962 0.17438490502536297 0.47753225290216506
leaf_count=1734 66 2 36
internal_value=0 0.0153698 -0.00479077
internal_weight=1.33076 0.263757 1.06701
internal_count=1838 68 1770
is_linear=0
shrinkage=0.05


Tree=140
num_leaves=5
num_cat=0
split_feature=1 0 1 1
split_gain=0.0423922 0.0328289 0.00136789 0.00043042
threshold=0.18183509009769686 1.1286252482731309 0.13515435142739393 0.00037006364019125007
decision_type=2 2 2 2
left_child=1 2 -1 -3
right_child=-2 3 -4 -5
leaf_value=-0.014558005766248196 0.010680376987500025 0 -0.0066865910096028146 0.0018576697432750198
leaf_weight=0.52627570108597865 0.4766640632878989 0.048106628593814094 0.057413354516029358 0.21181352109124418
leaf_count=1584 24 173 4 53
internal_value=0 -0.00652706 -0.0133732 0
internal_weight=1.32027 0.843609 0.583689 0.25992
internal_count=1838 1814 1588 226
is_linear=0
shrinkage=0.05


Tree=141
num_leaves=4
num_cat=0
split_feature=1 0 1
split_gain=0.039699 0.0212949 0.0140009
threshold=0.25603365801316341 1.1286252482731309 0.09077719567361052
decision_type=2 2 2
left_child=1 2 -1
right_child=-2 -3 -4
leaf_value=-0.017270991655897416 0.011841279055537056 0 -0.0053652607287554511
leaf_weight=0.340450686897384 0.38169704494066536 0.28842577552131843 0.29725959035567939
leaf_count=1561 18 228 31
internal_value=0 -0.00555862 -0.0107305
internal_weight=1.30783 0.926136 0.63771
internal_count=1838 1820 1592
is_linear=0
shrinkage=0.05


Tree=142
num_leaves=4
num_cat=0
split_feature=2 1 1
split_gain=0.0387015 0.0123396 0.0090474
threshold=1.5566341673218667 0.21125358013070353 0.048148093266790808
decision_type=2 2 2
left_child=2 -2 -1
right_child=1 -3 -4
leaf_value=-0.013055629968863428 0.0049332376972691626 0.020147587106434717 0
leaf_weight=0.16814331063869736 0.088007979888061638 0.16874873079359531 0.87023409988614731
leaf_count=1648 66 2 122
internal_value=0 0.0143698 -0.00450334
internal_weight=1.29513 0.256757 1.03838
internal_count=1838 68 1770
is_linear=0
shrinkage=0.05


Tree=143
num_leaves=3
num_cat=0
split_feature=1 1
split_gain=0.0371981 0.0122521
threshold=0.18183509009769686 0.048148093266790808
decision_type=2 2
left_child=1 -1
right_child=-2 -3
leaf_value=-0.014454451221691842 0.010144994640966543 0
leaf_weight=0.21503020306772669 0.46165304468013346 0.60759301387588494
leaf_count=1711 24 103
internal_value=0 -0.00617581
internal_weight=1.28428 0.822623
internal_count=1838 1814
is_linear=0
shrinkage=0.05


Tree=144
num_leaves=3
num_cat=0
split_feature=1 1
split_gain=0.0357452 0.00966671
threshold=0.14040320142251209 0.048148093266790808
decision_type=2 2
left_child=1 -1
right_child=-2 -3
leaf_value=-0.014064435673211167 0.0091515634630717543 0
leaf_weight=0.21183001080862596 0.51906146970577538 0.54372715325735044
leaf_count=1711 28 99
internal_value=0 -0.0066219
internal_weight=1.27462 0.755557
internal_count=1838 1810
is_linear=0
shrinkage=0.05


Tree=145
num_leaves=4
num_cat=0
split_feature=2 1 1
split_gain=0.0354527 0.0109903 0.0077978
threshold=1.5566341673218667 0.21125358013070353 0.11148144224017686
decision_type=2 2 2
left_child=2 -2 -1
right_child=1 -3 -4
leaf_value=-0.0078437215073782554 0.0047499173215927847 0.019356881967496239 0
leaf_weight=0.56170034399838165 0.086350650592066924 0.16447499953210354 0.45310458703897893
leaf_count=1734 66 2 36
internal_value=0 0.0138623 -0.00436246
internal_weight=1.26563 0.250826 1.0148
internal_count=1838 68 1770
is_linear=0
shrinkage=0.05


Tree=146
num_leaves=3
num_cat=0
split_feature=1 1
split_gain=0.0336889 0.0105632
threshold=0.18183509009769686 0.048148093266790808
decision_type=2 2
left_child=1 -1
right_child=-2 -3
leaf_value=-0.013736973590596453 0.0097567290379398652 0
leaf_weight=0.20860012656703475 0.45041496190242469 0.59755920831230469
leaf_count=1711 24 103
internal_value=0 -0.00592639
internal_weight=1.25657 0.806159
internal_count=1838 1814
is_linear=0
shrinkage=0.05


Tree=147
num_leaves=4
num_cat=0
split_feature=0 1 1
split_gain=0.0339541 0.0336203 0.0109442
threshold=1.0056491861155661 0.048148093266790808 0.14435521813360394
decision_type=2 2 2
left_child=2 -2 -1
right_child=1 -3 -4
leaf_value=-0.012572905934700252 0 0.012678761093358507 -0.0013149977759379463
leaf_weight=0.38933326193000539 0.10410617448360426 0.64220553787890822 0.11196689936332405
leaf_count=1258 530 40 10
internal_value=0 0.00645465 -0.00908465
internal_weight=1.24761 0.746312 0.5013
internal_count=1838 570 1268
is_linear=0
shrinkage=0.05


Tree=148
num_leaves=4
num_cat=0
split_feature=1 2 1
split_gain=0.031638 0.0266736 0.00287978
threshold=0.09077719567361052 1.1249524175825665 0.048148093266790808
decision_type=2 2 2
left_child=2 -2 -1
right_child=1 -3 -4
leaf_value=-0.013234976680868772 0 0.015569332356701696 -0.0011444362365998009
leaf_weight=0.20430380462130415 0.41397309536114335 0.31337877502664924 0.30422552410163917
leaf_count=1711 41 13 73
internal_value=0 0.00636518 -0.00865406
internal_weight=1.23588 0.727352 0.508529
internal_count=1838 54 1784
is_linear=0
shrinkage=0.05


Tree=149
num_leaves=3
num_cat=0
split_feature=1 1
split_gain=0.0311067 0.00820155
threshold=0.18183509009769686 0.048148093266790808
decision_type=2 2
left_child=1 -1
right_child=-2 -3
leaf_value=-0.012883913308454328 0.0094331463954549239 0
leaf_weight=0.20160194484924432 0.44173801690340042 0.58184978460485581
leaf_count=1711 24 103
internal_value=0 -0.00578449
internal_weight=1.22519 0.783452
internal_count=1838 1814
is_linear=0
shrinkage=0.05


end of trees

feature_importances:
ingredient_score=347
hot_score=125
tag_score=57

parameters:
[boosting: gbdt]
[objective: lambdarank]
[metric: ndcg]
[tree_learner: serial]
[device_type: cpu]
[data_sample_strategy: bagging]
[data: ]
[valid: ]
[num_iterations: 150]
[learning_rate: 0.05]
[num_leaves: 31]
[num_threads: 0]
[seed: 666]
[deterministic: 0]
[force_col_wise: 0]
[force_row_wise: 0]
[histogram_pool_size: -1]
[max_depth: 5]
[min_data_in_leaf: 20]
[min_sum_hessian_in_leaf: 0.001]
[bagging_fraction: 1]
[pos_bagging_fraction: 1]
[neg_bagging_fraction: 1]
[bagging_freq: 0]
[bagging_seed: 22734]
[bagging_by_query: 0]
[feature_fraction: 0.8]
[feature_fraction_bynode: 1]
[feature_fraction_seed: 5052]
[extra_trees: 0]
[extra_seed: 5559]
[early_stopping_round: 0]
[early_stopping_min_delta: 0]
[first_metric_only: 0]
[max_delta_step: 0]
[lambda_l1: 0.1]
[lambda_l2: 0.1]
[linear_lambda: 0]
[min_gain_to_split: 0]
[drop_rate: 0.1]
[max_drop: 50]
[skip_drop: 0.5]
[xgboost_dart_mode: 0]
[uniform_drop: 0]
[drop_seed: 23992]
[top_rate: 0.2]
[other_rate: 0.1]
[min_data_per_group: 100]
[max_cat_threshold: 32]
[cat_l2: 10]
[cat_smooth: 10]
[max_cat_to_onehot: 4]
[top_k: 20]
[monotone_constraints: 1,1,1]
[monotone_constraints_method: basic]
[monotone_penalty: 0]
[feature_contri: ]
[forcedsplits_filename: ]
[refit_decay_rate: 0.9]
[cegb_tradeoff: 1]
[cegb_penalty_split: 0]
[cegb_penalty_feature_lazy: ]
[cegb_penalty_feature_coupled: ]
[path_smooth: 0]
[interaction_constraints: ]
[verbosity: -1]
[saved_feature_importance_type: 0]
[use_quantized_grad: 0]
[num_grad_quant_bins: 4]
[quant_train_renew_leaf: 0]
[stochastic_rounding: 1]
[linear_tree: 0]
[max_bin: 255]
[max_bin_by_feature: ]
[min_data_in_bin: 3]
[bin_construct_sample_cnt: 200000]
[data_random_seed: 2213]
[is_enable_sparse: 1]
[enable_bundle: 1]
[use_missing: 1]
[zero_as_missing: 0]
[feature_pre_filter: 1]
[pre_partition: 0]
[two_round: 0]
[header: 0]
[label_column: ]
[weight_column: ]
[group_column: ]
[ignore_column: ]
[categorical_feature: ]
[forcedbins_filename: ]
[precise_float_parser: 0]
[parser_config_file: ]
[objective_seed: 29849]
[num_class: 1]
[is_unbalance: 0]
[scale_pos_weight: 1]
[sigmoid: 1]
[boost_from_average: 1]
[reg_sqrt: 0]
[alpha: 0.9]
[fair_c: 1]
[poisson_max_delta_step: 0.7]
[tweedie_variance_power: 1.5]
[lambdarank_truncation_level: 30]
[lambdarank_norm: 1]
[label_gain: ]
[lambdarank_position_bias_regularization: 0]
[eval_at: 3,5,10]
[multi_error_top_k: 1]
[auc_mu_weights: ]
[num_machines: 1]
[local_listen_port: 12400]
[time_out: 120]
[machine_list_filename: ]
[machines: ]
[gpu_platform_id: -1]
[gpu_device_id: -1]
[gpu_use_dp: 0]
[num_gpu: 1]

end of parameters

pandas_categorical:null
